month,day,year,position01,position02,position03,position04,position05,position06,position07
04,6,2024,22,27,44,52,69,9,3
04,3,2024,11,38,41,62,65,15,3
04,1,2024,19,24,40,42,56,23,2
03,30,2024,12,13,33,50,52,23,3
03,27,2024,37,46,57,60,66,8,2
03,25,2024,7,11,19,53,68,23,2
03,23,2024,6,23,25,34,51,3,2
03,20,2024,13,22,27,54,66,9,2
03,18,2024,10,17,20,39,44,16,3
03,16,2024,12,23,44,57,61,5,2
03,13,2024,21,29,54,59,62,4,2
03,11,2024,1,3,7,16,66,5,5
03,9,2024,30,36,49,52,63,16,5
03,6,2024,6,19,28,44,60,10,2
03,4,2024,36,42,50,52,67,26,2
03,2,2024,3,18,27,36,53,12,2
02,28,2024,16,26,29,38,50,6,2
02,26,2024,24,29,42,51,54,16,3
02,24,2024,3,8,40,53,58,3,3
02,21,2024,4,27,33,41,42,14,2
02,19,2024,4,23,45,50,53,17,3
02,17,2024,6,28,59,62,69,21,3
02,14,2024,1,4,45,47,67,18,2
02,12,2024,17,36,43,53,67,14,2
02,10,2024,27,28,34,37,44,8,2
02,7,2024,12,21,62,67,69,17,3
02,5,2024,1,2,27,30,67,9,5
02,3,2024,9,11,27,59,66,19,3
01,31,2024,15,18,19,41,43,14,2
01,29,2024,39,41,43,49,64,4,2
01,27,2024,7,38,65,66,68,21,2
01,24,2024,1,5,32,50,64,8,4
01,22,2024,24,25,43,52,63,21,2
01,20,2024,16,31,34,47,65,10,3
01,17,2024,18,22,43,61,65,2,4
01,15,2024,13,30,35,49,59,4,3
01,13,2024,13,31,33,51,58,15,2
01,10,2024,25,40,43,48,50,11,2
01,8,2024,7,17,28,40,45,2,3
01,6,2024,4,31,34,38,61,13,2
01,3,2024,30,31,38,48,68,8,10
01,1,2024,12,21,42,44,49,1,3
12,30,2023,10,11,26,27,34,7,4
12,27,2023,4,11,38,51,68,5,3
12,25,2023,5,12,20,24,29,4,2
12,23,2023,9,14,17,18,53,6,3
12,20,2023,27,35,41,56,60,16,2
12,18,2023,5,8,19,34,39,26,3
12,16,2023,3,9,10,20,62,25,3
12,13,2023,3,8,41,56,64,18,2
12,11,2023,1,24,27,31,62,20,3
12,9,2023,5,25,26,40,60,1,2
12,6,2023,2,12,37,56,65,21,3
12,4,2023,18,19,27,28,45,9,3
12,2,2023,28,35,41,47,60,3,2
11,29,2023,6,47,50,61,68,4,2
11,27,2023,2,21,38,61,66,12,2
11,25,2023,27,33,63,66,68,9,2
11,22,2023,20,24,33,39,42,21,2
11,20,2023,19,26,30,39,63,13,2
11,18,2023,34,50,51,61,67,20,2
11,15,2023,3,4,51,53,60,6,3
11,13,2023,24,33,35,37,42,21,2
11,11,2023,1,12,14,24,57,7,4
11,8,2023,14,21,33,39,62,20,2
11,6,2023,12,25,40,59,61,26,2
11,4,2023,1,28,30,34,52,6,2
11,1,2023,22,26,39,47,63,12,3
10,30,2023,19,22,34,66,69,5,3
10,28,2023,14,24,50,59,64,2,2
10,25,2023,25,27,41,53,68,2,2
10,23,2023,18,21,25,46,64,21,5
10,21,2023,6,15,24,67,68,11,2
10,18,2023,1,4,13,35,58,24,2
10,16,2023,2,27,31,44,64,18,3
10,14,2023,14,16,42,48,64,14,2
10,11,2023,22,24,40,52,64,10,2
10,9,2023,16,34,46,55,67,14,3
10,7,2023,47,54,57,60,65,19,3
10,4,2023,9,35,54,63,64,1,2
10,2,2023,12,26,27,43,47,5,2
09,30,2023,19,30,37,44,46,22,2
09,27,2023,1,7,46,47,63,7,3
09,25,2023,10,12,22,36,50,4,2
09,23,2023,1,12,20,33,66,21,2
09,20,2023,16,27,59,62,63,23,3
09,18,2023,2,21,26,40,42,9,3
09,16,2023,8,11,19,24,46,5,2
09,13,2023,22,30,37,44,45,18,3
09,11,2023,9,25,27,53,66,5,2
09,9,2023,11,19,29,63,68,25,2
09,6,2023,9,14,20,23,63,1,3
09,4,2023,1,26,32,46,51,13,3
09,2,2023,25,38,42,66,67,19,4
08,30,2023,4,13,35,61,69,4,2
08,28,2023,4,6,25,55,68,26,2
08,26,2023,20,22,26,28,63,5,3
08,23,2023,25,30,32,33,55,20,2
08,21,2023,3,4,12,22,28,16,2
08,19,2023,1,25,27,38,62,13,2
08,16,2023,9,11,17,19,55,1,2
08,14,2023,32,34,37,39,47,3,2
08,12,2023,19,21,37,50,65,26,2
08,9,2023,10,15,21,67,69,3,2
08,7,2023,6,13,20,35,54,22,2
08,5,2023,18,42,44,62,65,23,2
08,2,2023,23,24,33,51,64,5,2
07,31,2023,2,11,48,58,65,13,2
07,29,2023,10,25,27,34,38,2,3
07,26,2023,3,16,40,48,60,14,2
07,24,2023,3,4,12,28,49,25,2
07,22,2023,25,27,36,37,63,7,2
07,19,2023,7,10,11,13,24,24,2
07,17,2023,5,8,9,17,41,21,4
07,15,2023,2,9,43,55,57,18,2
07,12,2023,23,35,45,66,67,20,3
07,10,2023,2,24,34,53,58,13,2
07,8,2023,7,23,24,32,43,18,2
07,5,2023,17,24,48,62,68,23,2
07,3,2023,15,26,31,38,61,3,3
07,1,2023,4,17,35,49,61,8,2
06,28,2023,19,25,34,57,68,4,5
06,26,2023,6,28,39,43,54,12,4
06,24,2023,2,38,44,50,62,19,3
06,21,2023,5,11,33,35,63,14,2
06,19,2023,36,39,52,57,69,1,3
06,17,2023,2,12,45,61,64,26,2
06,14,2023,3,20,36,42,64,4,2
06,12,2023,2,3,16,23,68,7,2
06,10,2023,21,32,42,46,50,4,3
06,7,2023,16,21,29,53,66,2,5
06,5,2023,2,31,45,46,49,20,2
06,3,2023,15,45,64,67,68,18,2
05,31,2023,2,4,54,61,62,14,3
05,29,2023,21,33,35,62,64,24,2
05,27,2023,24,38,39,48,56,4,2
05,24,2023,12,21,44,50,58,26,3
05,22,2023,9,38,48,52,68,25,4
05,20,2023,17,23,32,38,63,23,2
05,17,2023,18,34,37,45,51,14,2
05,15,2023,1,26,28,55,58,25,2
05,13,2023,3,15,20,23,46,11,2
05,10,2023,21,24,33,55,69,3,10
05,8,2023,15,20,33,36,43,12,2
05,6,2023,31,39,47,51,53,6,2
05,3,2023,21,26,30,45,47,23,3
05,1,2023,3,38,55,61,66,1,3
04,29,2023,16,53,54,57,65,8,2
04,26,2023,2,15,30,35,49,6,2
04,24,2023,19,21,55,66,68,3,2
04,22,2023,17,36,47,63,68,25,2
04,19,2023,4,11,21,38,64,11,3
04,17,2023,23,25,35,63,64,25,3
04,15,2023,1,33,34,56,59,18,3
04,12,2023,9,36,41,44,59,4,2
04,10,2023,9,10,36,46,52,14,2
04,8,2023,11,22,24,51,60,18,3
04,5,2023,3,5,9,42,52,11,2
04,3,2023,16,30,31,54,68,1,2
04,1,2023,11,19,21,29,52,17,4
03,29,2023,4,9,24,46,66,7,3
03,27,2023,19,26,36,43,58,14,3
03,25,2023,15,17,18,47,57,19,2
03,22,2023,27,28,37,50,57,5,2
03,20,2023,1,27,32,47,67,14,2
03,18,2023,14,20,30,54,69,11,2
03,15,2023,16,18,33,37,50,8,2
03,13,2023,3,10,24,46,63,4,2
03,11,2023,11,20,33,43,58,24,2
03,8,2023,26,27,43,61,69,4,3
03,6,2023,2,13,29,58,69,4,3
03,4,2023,10,16,18,40,66,16,3
03,1,2023,2,9,28,36,53,4,2
02,27,2023,16,28,49,51,55,23,2
02,25,2023,11,24,58,66,67,26,3
02,22,2023,11,19,39,44,65,7,2
02,20,2023,3,17,26,38,54,15,3
02,18,2023,8,21,31,32,37,23,4
02,15,2023,31,32,54,60,63,12,4
02,13,2023,17,26,37,61,65,2,2
02,11,2023,10,23,30,54,65,11,4
02,8,2023,52,58,59,64,66,9,2
02,6,2023,5,11,22,23,69,7,2
02,4,2023,2,8,15,19,58,10,2
02,1,2023,31,43,58,59,66,9,2
01,30,2023,1,4,12,36,49,5,2
01,28,2023,2,18,23,27,47,15,4
01,25,2023,9,17,20,38,40,18,2
01,23,2023,12,31,47,58,60,23,3
01,21,2023,5,14,19,46,64,22,4
01,18,2023,6,15,22,42,47,26,3
01,16,2023,4,14,33,39,61,3,3
01,14,2023,24,26,39,47,57,23,2
01,11,2023,4,8,46,47,48,5,3
01,9,2023,18,43,48,60,69,14,3
01,7,2023,35,36,44,45,67,14,3
01,4,2023,12,32,56,67,68,26,3
01,2,2023,7,9,12,31,62,22,2
12,31,2022,18,37,44,50,64,11,3
12,28,2022,26,32,38,45,56,1,2
12,26,2022,17,41,47,60,61,17,3
12,24,2022,17,37,46,54,67,8,3
12,21,2022,12,15,24,34,59,14,2
12,19,2022,7,37,55,65,67,12,5
12,17,2022,33,56,64,66,68,12,2
12,14,2022,36,51,59,66,68,25,10
12,12,2022,16,31,50,55,61,9,4
12,10,2022,9,23,47,49,68,19,2
12,7,2022,6,28,44,59,61,21,2
12,5,2022,35,45,47,54,55,14,2
12,3,2022,6,13,33,36,37,7,4
11,30,2022,4,19,24,47,66,10,2
11,28,2022,29,30,32,48,50,20,2
11,26,2022,15,30,47,50,51,3,10
11,23,2022,1,2,31,39,66,25,2
11,21,2022,1,6,40,51,67,2,2
11,19,2022,7,28,62,63,64,10,3
11,16,2022,28,34,51,53,56,11,2
11,14,2022,19,35,53,54,67,21,2
11,12,2022,16,20,44,57,58,6,4
11,9,2022,7,14,24,30,56,7,2
11,7,2022,10,33,41,47,56,10,2
11,5,2022,28,45,53,56,69,20,3
11,2,2022,2,11,22,35,60,23,2
10,31,2022,13,19,36,39,59,13,3
10,29,2022,19,31,40,46,57,23,3
10,26,2022,19,36,37,46,56,24,2
10,24,2022,18,23,35,45,54,16,4
10,22,2022,19,25,48,55,60,18,2
10,19,2022,6,8,15,27,42,10,3
10,17,2022,19,30,36,46,60,25,3
10,15,2022,32,37,40,58,62,15,5
10,12,2022,14,30,41,42,59,6,5
10,10,2022,3,6,11,17,22,11,2
10,8,2022,13,43,53,60,68,5,2
10,5,2022,26,30,33,37,62,6,2
10,3,2022,2,16,22,55,63,22,4
10,1,2022,8,21,22,65,69,26,2
09,28,2022,6,10,24,33,67,11,3
09,26,2022,13,20,31,33,59,20,3
09,24,2022,3,9,21,24,29,14,2
09,21,2022,6,33,34,45,54,7,2
09,19,2022,7,15,36,46,67,7,2
09,17,2022,5,25,36,51,61,1,3
09,14,2022,9,10,20,22,52,25,3
09,12,2022,6,14,16,34,66,25,3
09,10,2022,38,42,56,68,69,4,2
09,7,2022,3,16,30,33,36,20,3
09,5,2022,4,7,32,55,64,25,2
09,3,2022,18,27,49,65,69,9,2
08,31,2022,7,8,19,24,28,1,2
08,29,2022,13,36,43,61,69,18,3
08,27,2022,2,18,56,60,65,14,3
08,24,2022,6,24,35,37,44,22,4
08,22,2022,12,27,34,55,67,9,2
08,20,2022,5,9,11,16,66,7,2
08,17,2022,23,28,41,50,55,24,2
08,15,2022,20,24,47,50,63,5,2
08,13,2022,19,24,35,43,62,2,10
08,10,2022,29,44,59,61,68,19,2
08,8,2022,32,45,51,57,58,12,2
08,6,2022,8,15,46,56,68,3,2
08,3,2022,9,21,56,57,66,11,2
08,1,2022,15,21,31,36,65,16,3
07,30,2022,4,17,57,58,68,12,3
07,27,2022,1,25,44,55,57,26,2
07,25,2022,25,37,38,39,65,5,2
07,23,2022,39,41,54,59,62,12,3
07,20,2022,10,20,23,49,65,22,3
07,18,2022,14,34,36,50,58,5,3
07,16,2022,3,18,23,32,57,21,2
07,13,2022,22,23,36,47,63,2,2
07,11,2022,4,26,34,37,52,9,2
07,9,2022,14,22,42,46,52,24,3
07,6,2022,32,36,49,62,69,13,2
07,4,2022,15,16,24,31,56,4,2
07,2,2022,9,10,37,59,62,26,3
06,29,2022,8,40,49,58,63,14,3
06,27,2022,11,13,18,30,37,16,3
06,25,2022,6,12,20,27,32,4,3
06,22,2022,6,10,31,48,56,12,3
06,20,2022,3,44,61,63,69,13,2
06,18,2022,10,19,40,45,58,25,2
06,15,2022,19,28,41,42,51,7,2
06,13,2022,2,27,42,44,51,25,2
06,11,2022,18,20,26,53,69,5,2
06,8,2022,22,39,43,62,64,7,4
06,6,2022,2,10,35,44,46,4,2
06,4,2022,14,16,36,52,60,16,3
06,1,2022,11,41,56,57,63,2,2
05,30,2022,27,28,51,68,69,22,2
05,28,2022,2,39,50,61,66,15,2
05,25,2022,19,28,39,42,57,17,3
05,23,2022,1,33,37,39,42,26,2
05,21,2022,14,15,25,52,58,11,2
05,18,2022,40,41,58,64,65,17,3
05,16,2022,7,15,22,36,64,13,2
05,14,2022,6,40,41,45,52,9,3
05,11,2022,5,7,61,63,69,18,2
05,9,2022,18,30,35,52,56,5,2
05,7,2022,4,5,6,28,67,10,2
05,4,2022,37,39,55,63,69,23,2
05,2,2022,18,27,33,39,44,8,5
04,30,2022,14,21,37,44,63,1,3
04,27,2022,11,36,61,62,68,4,2
04,25,2022,12,18,20,39,61,10,2
04,23,2022,10,39,47,49,56,8,3
04,20,2022,20,30,45,55,56,14,2
04,18,2022,8,33,55,59,62,18,2
04,16,2022,15,21,32,62,65,26,5
04,13,2022,14,16,41,63,68,26,2
04,11,2022,5,7,24,31,34,4,2
04,9,2022,6,16,31,62,66,18,2
04,6,2022,6,42,45,47,64,18,3
04,4,2022,2,32,39,46,69,6,2
04,2,2022,6,28,47,58,59,18,2
03,30,2022,3,7,21,31,37,11,3
03,28,2022,11,18,39,58,62,3,2
03,26,2022,2,10,50,59,61,6,3
03,23,2022,31,32,37,38,48,24,2
03,21,2022,1,15,26,63,65,16,2
03,19,2022,8,9,18,48,52,6,2
03,16,2022,3,28,34,35,58,17,2
03,14,2022,21,28,32,44,49,6,3
03,12,2022,19,20,37,39,61,8,2
03,9,2022,13,22,34,51,67,10,2
03,7,2022,10,43,55,59,67,2,3
03,5,2022,8,23,37,52,63,13,2
03,2,2022,19,37,48,61,63,12,2
02,28,2022,7,21,39,47,55,19,2
02,26,2022,15,32,36,48,64,19,3
02,23,2022,6,17,21,35,64,18,2
02,21,2022,2,36,37,45,69,3,2
02,19,2022,3,10,15,33,42,11,2
02,16,2022,22,30,40,42,48,16,2
02,14,2022,16,25,27,49,55,17,3
02,12,2022,8,10,21,41,62,7,3
02,9,2022,2,17,33,51,63,26,2
02,7,2022,5,15,38,47,65,10,3
02,5,2022,5,16,27,39,61,24,2
02,2,2022,18,29,33,62,63,15,3
01,31,2022,10,15,51,61,69,14,3
01,29,2022,2,15,38,54,65,11,4
01,26,2022,4,11,38,49,69,16,3
01,24,2022,11,29,30,47,53,16,3
01,22,2022,8,14,33,36,67,17,2
01,19,2022,11,15,43,55,61,10,3
01,17,2022,9,24,35,46,65,22,2
01,15,2022,3,18,37,51,59,13,2
01,12,2022,12,21,22,30,33,24,4
01,10,2022,14,17,18,21,27,9,2
01,8,2022,20,21,36,60,65,13,10
01,5,2022,6,14,25,33,46,17,2
01,3,2022,2,13,32,33,48,22,2
01,1,2022,6,12,39,48,50,7,2
12,29,2021,2,6,9,33,39,11,2
12,27,2021,36,38,45,62,64,19,2
12,25,2021,27,29,45,55,58,2,3
12,22,2021,7,16,19,48,68,15,2
12,20,2021,2,13,23,34,66,2,4
12,18,2021,2,6,24,51,61,1,2
12,15,2021,19,20,40,42,59,15,3
12,13,2021,10,30,37,53,59,4,2
12,11,2021,3,25,44,53,64,10,2
12,8,2021,3,7,33,50,69,24,2
12,6,2021,3,21,38,50,59,6,3
12,4,2021,10,40,45,56,67,2,2
12,1,2021,12,15,38,57,63,24,2
11,29,2021,18,26,28,38,47,17,2
11,27,2021,8,32,55,64,66,10,2
11,24,2021,10,16,32,63,65,17,2
11,22,2021,7,20,29,38,67,22,2
11,20,2021,40,43,48,59,69,19,3
11,17,2021,3,16,48,52,60,1,3
11,15,2021,5,31,34,51,53,23,2
11,13,2021,8,15,26,35,45,9,3
11,10,2021,19,25,43,46,48,14,2
11,8,2021,21,46,47,57,62,8,3
11,6,2021,8,30,48,57,64,9,2
11,3,2021,1,2,24,50,57,26,2
11,1,2021,9,25,34,44,45,8,3
10,30,2021,5,23,28,43,56,19,2
10,27,2021,3,6,26,35,51,17,4
10,25,2021,10,27,29,44,58,24,2
10,23,2021,10,30,51,57,63,20,2
10,20,2021,7,29,36,41,43,5,2
10,18,2021,30,32,48,53,63,12,2
10,16,2021,30,31,41,42,48,3,3
10,13,2021,23,29,47,59,60,15,2
10,11,2021,11,20,33,39,65,24,3
10,9,2021,12,17,30,45,62,5,2
10,6,2021,1,17,52,58,64,1,10
10,4,2021,12,22,54,66,69,15,2
10,2,2021,28,38,42,47,52,1,2
09,29,2021,2,7,11,17,32,11,3
09,27,2021,21,22,39,44,60,12,2
09,25,2021,22,23,37,62,63,19,3
09,22,2021,20,40,47,55,63,5,3
09,20,2021,37,51,54,58,60,19,2
09,18,2021,5,36,39,45,57,11,2
09,15,2021,1,4,18,46,62,25,3
09,13,2021,37,40,50,61,63,21,3
09,11,2021,20,31,38,40,49,21,2
09,8,2021,9,22,41,47,61,21,2
09,6,2021,11,20,22,33,54,24,2
09,4,2021,32,35,40,52,54,1,5
09,1,2021,10,20,29,48,51,17,2
08,30,2021,3,15,45,51,61,8,2
08,28,2021,12,22,26,46,59,26,2
08,25,2021,27,39,54,56,59,24,3
08,23,2021,17,36,47,60,61,15,3
08,21,2021,16,28,36,39,59,4,2
08,18,2021,35,36,51,55,61,26,2
08,14,2021,6,21,49,65,67,18,2
08,11,2021,12,18,20,29,30,16,3
08,7,2021,7,24,36,54,60,23,2
08,4,2021,5,21,32,36,58,14,2
07,31,2021,1,21,22,34,47,4,2
07,28,2021,25,30,53,59,60,5,3
07,24,2021,1,4,11,59,67,10,2
07,21,2021,27,28,44,67,68,11,2
07,17,2021,15,22,38,54,66,3,2
07,14,2021,33,46,52,59,62,10,2
07,10,2021,1,5,29,54,62,3,2
07,7,2021,8,21,30,49,57,8,2
07,3,2021,26,40,41,55,65,24,2
06,30,2021,24,29,50,65,66,14,4
06,26,2021,8,31,39,43,60,17,3
06,23,2021,13,20,40,51,63,1,3
06,19,2021,4,22,35,38,39,20,2
06,16,2021,19,29,34,44,50,25,2
06,12,2021,8,25,34,38,41,10,3
06,9,2021,19,28,46,50,54,9,2
06,5,2021,44,52,54,64,69,26,3
06,2,2021,6,7,11,66,67,19,3
05,29,2021,11,13,22,27,46,20,2
05,26,2021,2,8,21,34,62,16,2
05,22,2021,3,19,27,37,40,8,2
05,19,2021,11,13,55,56,69,4,2
05,15,2021,4,10,37,39,69,24,3
05,12,2021,1,19,20,38,54,17,2
05,8,2021,12,17,20,21,26,8,3
05,5,2021,16,23,28,40,63,1,2
05,1,2021,35,36,47,61,63,3,3
04,28,2021,16,18,35,39,53,21,3
04,24,2021,22,36,48,59,61,22,3
04,21,2021,21,25,32,63,67,6,2
04,17,2021,10,21,26,41,49,25,2
04,14,2021,13,30,33,45,61,14,2
04,10,2021,14,16,23,50,53,3,3
04,7,2021,27,35,39,51,66,16,5
04,3,2021,1,12,17,39,53,5,2
03,31,2021,3,10,44,55,68,24,2
03,27,2021,6,14,38,39,65,6,3
03,24,2021,4,9,17,27,38,18,2
03,20,2021,1,6,22,42,61,4,3
03,17,2021,34,38,42,61,62,19,2
03,13,2021,5,11,51,56,61,2,2
03,10,2021,17,18,37,44,53,18,3
03,6,2021,11,31,50,52,58,18,4
03,3,2021,21,40,44,50,55,16,3
02,27,2021,2,28,31,44,52,18,3
02,24,2021,4,33,43,53,65,21,3
02,20,2021,4,8,22,32,58,4,10
02,17,2021,1,15,21,32,46,1,3
02,13,2021,20,28,33,63,68,20,2
02,10,2021,15,39,58,63,67,7,2
02,6,2021,1,16,48,49,65,8,2
02,3,2021,5,37,40,64,66,5,3
01,30,2021,1,2,7,52,61,4,3
01,27,2021,17,33,35,42,52,9,3
01,23,2021,5,8,17,27,28,14,3
01,20,2021,40,53,60,68,69,22,3
01,16,2021,14,20,39,65,67,2,3
01,13,2021,4,19,23,25,49,14,2
01,9,2021,14,26,38,45,46,13,2
01,6,2021,1,20,22,60,66,3,3
01,2,2021,3,4,11,41,67,5,2
12,30,2020,3,43,45,61,65,14,2
12,26,2020,10,24,27,35,53,18,2
12,23,2020,6,13,38,39,53,6,3
12,19,2020,27,32,34,43,52,13,2
12,16,2020,4,23,37,61,67,7,2
12,12,2020,17,54,56,63,69,20,2
12,9,2020,11,14,31,47,48,4,3
12,5,2020,3,4,6,48,53,10,2
12,2,2020,28,31,40,41,46,4,3
11,28,2020,8,12,18,44,51,18,2
11,25,2020,2,57,58,60,65,26,2
11,21,2020,51,54,57,60,69,11,2
11,18,2020,4,5,17,43,52,5,2
11,14,2020,7,15,18,32,45,20,2
11,11,2020,13,15,17,45,63,13,2
11,7,2020,14,16,37,48,58,18,2
11,4,2020,23,32,33,45,49,14,2
10,31,2020,2,6,40,42,55,24,3
10,28,2020,11,28,37,40,53,13,2
10,24,2020,18,20,27,45,65,6,2
10,21,2020,1,3,13,44,56,26,3
10,17,2020,6,10,31,37,44,23,2
10,14,2020,21,37,52,53,58,5,2
10,10,2020,5,18,23,40,50,18,3
10,7,2020,6,24,30,53,56,19,2
10,3,2020,18,31,36,43,47,20,2
09,30,2020,14,18,36,49,67,18,2
09,26,2020,11,21,27,36,62,24,3
09,23,2020,8,17,49,52,59,1,2
09,19,2020,11,14,23,47,57,14,4
09,16,2020,10,17,31,51,53,1,2
09,12,2020,16,17,20,53,67,4,2
09,9,2020,27,52,55,60,64,21,3
09,5,2020,15,21,22,27,47,7,2
09,2,2020,1,4,11,20,69,18,2
08,29,2020,5,21,22,29,43,10,2
08,26,2020,8,12,19,47,58,2,2
08,22,2020,19,30,36,42,66,14,3
08,19,2020,13,23,47,55,58,23,10
08,15,2020,5,12,34,45,56,3,3
08,12,2020,2,6,18,36,37,21,2
08,8,2020,2,3,14,40,51,24,3
08,5,2020,7,14,17,57,65,24,5
08,1,2020,6,25,36,43,48,24,3
07,29,2020,7,29,35,40,45,26,2
07,25,2020,5,21,36,61,62,18,2
07,22,2020,16,25,36,44,55,14,3
07,18,2020,13,16,32,58,59,9,2
07,15,2020,27,47,61,62,69,4,10
07,11,2020,14,19,61,62,64,4,2
07,8,2020,3,10,34,36,62,5,10
07,4,2020,16,21,27,60,61,6,2
07,1,2020,15,28,52,53,63,18,4
06,27,2020,9,36,49,56,62,8,2
06,24,2020,15,22,27,33,46,23,3
06,20,2020,10,31,41,63,67,5,3
06,17,2020,7,10,63,64,68,10,3
06,13,2020,2,12,32,50,65,5,3
06,10,2020,10,33,41,52,54,18,5
06,6,2020,1,17,38,68,69,18,2
06,3,2020,1,3,26,41,64,17,2
05,30,2020,13,32,41,58,60,14,2
05,27,2020,38,58,59,64,68,21,3
05,23,2020,2,8,18,21,23,16,4
05,20,2020,18,34,40,42,50,9,2
05,16,2020,8,12,26,39,42,11,2
05,13,2020,39,53,54,56,57,20,3
05,9,2020,12,18,42,48,65,19,5
05,6,2020,7,8,35,50,65,20,4
05,2,2020,13,16,33,58,68,24,5
04,29,2020,2,20,49,61,67,20,2
04,25,2020,1,3,21,47,57,18,2
04,22,2020,1,33,35,40,69,24,5
04,18,2020,4,44,46,56,63,19,2
04,15,2020,10,12,33,36,41,2,3
04,11,2020,22,29,30,42,47,17,3
04,8,2020,2,37,39,48,54,5,3
04,4,2020,8,31,39,40,43,4,3
04,1,2020,33,35,45,48,60,16,2
03,28,2020,7,40,48,55,66,11,2
03,25,2020,5,9,27,39,42,16,2
03,21,2020,2,23,40,59,69,13,2
03,18,2020,15,27,44,59,63,8,4
03,14,2020,9,23,26,30,32,8,3
03,11,2020,4,29,49,50,67,2,4
03,7,2020,7,15,21,33,62,23,2
03,4,2020,18,43,58,60,68,14,2
02,29,2020,24,44,46,50,51,13,3
02,26,2020,8,27,29,36,47,24,3
02,22,2020,25,37,39,61,62,11,3
02,19,2020,10,12,15,19,56,19,2
02,15,2020,16,32,35,36,46,3,3
02,12,2020,14,47,54,55,68,25,2
02,8,2020,35,49,50,59,66,6,2
02,5,2020,23,30,35,41,57,2,3
02,1,2020,12,33,54,57,60,13,4
01,29,2020,9,12,15,31,60,2,2
01,25,2020,2,9,17,36,67,18,2
01,22,2020,11,33,44,59,67,8,3
01,18,2020,20,24,38,56,68,18,2
01,15,2020,39,41,53,55,68,19,2
01,11,2020,3,21,23,31,59,3,2
01,8,2020,2,4,7,43,56,22,4
01,4,2020,1,11,21,25,54,7,2
01,1,2020,49,53,57,59,62,26,2,