month,day,year,position01,position02,position03,position04,position05
04,9,2024,5,3,9,3,5,9
04,8,2024,6,2,9,3,0,9
04,7,2024,4,1,8,9,4,9
04,6,2024,7,3,5,8,6,6
04,5,2024,4,7,4,5,4,6
04,4,2024,2,6,5,1,2,8
04,3,2024,5,9,2,5,6,9
04,2,2024,1,5,4,1,4,6
04,1,2024,6,9,2,4,9,9
02,31,2024,9,0,1,0,5,7
02,30,2024,8,3,2,1,6,3
02,29,2024,3,6,7,2,6,0
02,28,2024,3,1,4,6,1,1
02,27,2024,5,7,1,9,8,3
02,26,2024,8,3,9,2,6,3
02,25,2024,0,2,6,6,3,4
02,24,2024,8,4,9,5,4,6
02,23,2024,2,9,2,1,8,8
02,22,2024,5,1,5,1,4,7
02,21,2024,5,0,1,7,3,3
02,20,2024,9,3,9,8,1,0
02,19,2024,2,5,0,9,1,2
02,18,2024,7,5,2,7,7,4
02,17,2024,8,9,6,8,5,3
02,16,2024,4,1,7,9,8,4
02,15,2024,9,3,0,8,6,2
02,14,2024,1,8,3,1,7,2
02,13,2024,3,2,3,0,4,2
02,12,2024,7,9,1,5,7,8
02,11,2024,4,4,6,6,5,8
02,10,2024,9,6,2,9,3,8
02,9,2024,1,5,1,7,9,2
02,8,2024,3,3,7,0,8,1
02,7,2024,6,8,4,2,4,0
02,6,2024,9,0,5,0,8,9
02,5,2024,0,0,1,9,8,0
02,4,2024,0,0,8,5,8,5
02,3,2024,8,1,5,6,0,1
02,2,2024,2,1,2,2,9,1
02,1,2024,6,8,7,7,4,6
02,29,2024,8,3,8,1,8,3
02,28,2024,2,0,9,8,2,5
02,27,2024,2,7,9,0,8,6
02,26,2024,5,5,2,3,9,8
02,25,2024,4,1,3,8,0,3
02,24,2024,7,9,1,1,3,7
02,23,2024,6,2,1,8,9,4
02,22,2024,4,3,9,9,3,3
02,21,2024,4,1,8,5,6,7
02,20,2024,6,7,9,7,0,3
02,19,2024,6,5,7,6,5,1
02,18,2024,4,3,8,1,8,7
02,17,2024,0,3,4,2,6,4
02,16,2024,5,1,7,7,5,0
02,15,2024,6,4,1,6,0,7
02,14,2024,1,3,9,2,1,3
02,13,2024,9,5,4,0,0,6
02,12,2024,3,1,4,6,3,4
02,11,2024,8,7,4,1,4,8
02,10,2024,5,2,5,6,1,2
02,9,2024,2,8,9,4,2,3
02,8,2024,0,2,8,0,8,9
02,7,2024,7,4,2,2,9,5
02,6,2024,1,3,1,3,0,5
02,5,2024,4,6,8,7,2,0
02,4,2024,3,3,8,3,6,4
02,3,2024,4,9,8,9,7,7
02,2,2024,4,1,8,4,5,8
02,1,2024,2,2,5,8,1,8
01,31,2024,1,8,2,9,8,5
01,30,2024,5,0,7,3,8,4
01,29,2024,5,7,5,8,3,0
01,28,2024,8,5,8,9,0,8
01,27,2024,9,8,5,3,5,9
01,26,2024,3,0,2,5,1,9
01,25,2024,1,0,3,0,7,3
01,24,2024,6,4,8,0,4,2
01,23,2024,5,5,5,2,1,4
01,22,2024,5,0,1,1,4,4
01,21,2024,8,7,9,8,4,3
01,20,2024,5,6,9,6,4,6
01,19,2024,6,3,5,2,2,1
01,18,2024,3,2,7,7,2,3
01,17,2024,2,6,3,0,2,5
01,16,2024,1,0,6,0,9,5
01,15,2024,6,1,7,5,9,8
01,14,2024,7,3,0,2,3,9
01,13,2024,8,4,8,3,9,8
01,12,2024,7,3,7,6,2,8
01,11,2024,4,1,0,9,9,2
01,10,2024,1,0,5,0,4,9
01,9,2024,5,8,3,1,7,1
01,8,2024,0,9,4,0,1,0
01,7,2024,9,1,3,9,9,7
01,6,2024,2,3,8,2,2,3
01,5,2024,5,4,4,5,4,7
01,4,2024,6,0,6,6,0,8
01,3,2024,1,5,3,0,7,8
01,2,2024,0,6,5,3,1,7
01,1,2024,5,6,8,6,1,5
12,31,2023,8,7,9,4,2,4
12,30,2023,2,1,5,8,1,7
12,29,2023,7,1,4,8,2,8
12,28,2023,0,1,8,2,1,5
12,27,2023,8,1,2,2,4,4
12,26,2023,2,4,2,3,9,7
12,25,2023,6,3,3,3,6,1
12,24,2023,2,1,5,7,8,5
12,23,2023,6,0,1,2,5,8
12,22,2023,5,6,8,4,7,1
12,21,2023,4,3,9,0,6,8
12,20,2023,5,8,9,2,1,2
12,19,2023,8,0,4,4,6,2
12,18,2023,4,3,2,8,6,1
12,17,2023,3,0,9,9,0,4
12,16,2023,2,2,2,0,3,2
12,15,2023,6,9,1,6,3,2
12,14,2023,7,0,9,4,8,3
12,13,2023,5,5,0,3,8,5
12,12,2023,5,1,2,3,8,8
12,11,2023,0,0,2,7,1,1
12,10,2023,0,5,8,0,0,5
12,9,2023,8,6,1,4,6,9
12,8,2023,9,8,3,8,4,7
12,7,2023,3,3,6,8,4,7
12,6,2023,6,5,6,0,5,8
12,5,2023,9,7,9,5,1,3
12,4,2023,3,0,2,3,2,4
12,3,2023,7,6,1,5,3,5
12,2,2023,5,2,7,9,2,9
12,1,2023,4,8,0,5,4,2
11,30,2023,9,9,7,8,2,5
11,29,2023,5,4,4,4,4,4
11,28,2023,7,7,1,3,6,3
11,27,2023,0,3,7,3,1,3
11,26,2023,0,7,2,8,9,0
11,25,2023,6,4,8,5,2,2
11,24,2023,6,1,0,2,0,6
11,23,2023,9,8,1,4,8,7
11,22,2023,2,3,6,5,3,5
11,21,2023,1,3,6,9,7,6
11,20,2023,1,0,9,1,7,1
11,19,2023,4,9,5,0,1,4
11,18,2023,1,5,6,6,1,5
11,17,2023,1,7,1,6,2,5
11,16,2023,8,6,3,4,0,7
11,15,2023,1,1,4,6,2,2
11,14,2023,4,6,0,0,0,6
11,13,2023,7,9,7,5,1,7
11,12,2023,8,4,5,3,4,7
11,11,2023,4,6,5,3,2,3
11,10,2023,2,6,8,5,8,7
11,9,2023,3,4,3,6,6,2
11,8,2023,8,7,4,3,7,2
11,7,2023,7,2,7,1,2,1
11,6,2023,2,6,1,0,8,5
11,5,2023,5,3,0,9,6,0
11,4,2023,5,0,9,7,5,5
11,3,2023,7,6,3,2,5,3
11,2,2023,0,0,9,3,7,3
11,1,2023,8,3,2,4,5,7
10,31,2023,9,6,9,1,5,6
10,30,2023,2,8,7,5,5,4
10,29,2023,7,3,5,1,7,8
10,28,2023,9,1,2,0,6,0
10,27,2023,9,2,7,2,2,1
10,26,2023,2,0,9,5,4,8
10,25,2023,2,6,8,6,8,5
10,24,2023,7,0,6,4,4,3
10,23,2023,0,1,2,0,7,7
10,22,2023,0,3,9,8,3,2
10,21,2023,1,0,7,0,0,7
10,20,2023,5,8,9,1,4,8
10,19,2023,2,7,5,2,8,2
10,18,2023,2,9,1,0,1,5
10,17,2023,6,4,7,6,9,4
10,16,2023,7,8,2,6,6,6
10,15,2023,3,2,2,8,6,3
10,14,2023,5,9,4,3,0,0
10,13,2023,5,6,4,0,3,5
10,12,2023,5,6,7,8,1,8
10,11,2023,2,5,5,2,4,1
10,10,2023,5,5,0,6,4,2
10,9,2023,0,5,7,9,2,6
10,8,2023,7,9,1,2,3,4
10,7,2023,4,6,7,6,7,4
10,6,2023,1,7,5,2,8,4
10,5,2023,6,1,4,2,6,2
10,4,2023,8,5,8,8,1,5
10,3,2023,5,1,3,0,4,9
10,2,2023,2,3,7,9,6,4
10,1,2023,6,9,8,1,8,6
09,30,2023,6,5,7,1,8,8
09,29,2023,0,8,4,7,4,7
09,28,2023,8,4,0,3,7,7
09,27,2023,6,3,0,5,4,1
09,26,2023,2,5,4,7,0,5
09,25,2023,3,7,7,2,3,5
09,24,2023,6,2,5,5,0,3
09,23,2023,1,1,0,8,8,3
09,22,2023,0,9,9,5,4,0
09,21,2023,5,8,6,0,8,3
09,20,2023,5,6,6,3,6,5
09,19,2023,6,1,7,8,1,9
09,18,2023,9,5,6,8,7,0
09,17,2023,1,5,9,9,5,0
09,16,2023,0,2,6,2,8,3
09,15,2023,9,1,4,7,9,7
09,14,2023,2,9,3,4,5,4
09,13,2023,3,8,7,5,5,5
09,12,2023,9,9,0,8,3,7
09,11,2023,2,8,4,8,4,7
09,10,2023,3,5,3,1,3,6
09,9,2023,9,4,1,8,7,7
09,8,2023,1,1,2,1,7,1
09,7,2023,9,9,5,0,8,3
09,6,2023,8,5,4,0,8,6
09,5,2023,2,8,1,6,8,8
09,4,2023,9,3,5,1,3,2
09,3,2023,1,8,1,6,4,8
09,2,2023,2,3,0,5,6,9
09,1,2023,2,4,8,6,6,2
08,31,2023,3,5,3,3,4,9
08,30,2023,1,2,3,6,0,7
08,29,2023,5,6,8,2,9,6
08,28,2023,0,6,4,5,7,9
08,27,2023,7,6,0,7,2,3
08,26,2023,2,4,9,9,7,4
08,25,2023,9,3,2,9,3,2
08,24,2023,0,7,7,4,4,6
08,23,2023,0,3,4,2,2,4
08,22,2023,2,5,8,8,6,1
08,21,2023,4,2,4,6,0,5
08,20,2023,8,0,6,2,5,0
08,19,2023,2,4,4,6,8,8
08,18,2023,6,2,6,2,2,5
08,17,2023,3,2,6,7,2,3
08,16,2023,8,0,7,7,4,7
08,15,2023,9,5,2,2,0,9
08,14,2023,9,0,4,1,4,7
08,13,2023,7,2,7,7,0,7
08,12,2023,3,4,1,5,9,2
08,11,2023,8,9,0,7,7,3
08,10,2023,1,0,7,2,6,8
08,9,2023,1,5,4,9,6,2
08,8,2023,6,4,5,2,7,3
08,7,2023,4,6,8,0,6,9
08,6,2023,7,2,5,7,5,8
08,5,2023,0,2,7,0,9,3
08,4,2023,7,6,5,4,4,0
08,3,2023,3,9,1,9,5,0
08,2,2023,1,7,8,6,4,4
08,1,2023,9,7,4,5,5,0
07,31,2023,2,5,7,6,7,0
07,30,2023,0,2,2,0,2,8
07,29,2023,6,3,2,0,0,0
07,28,2023,2,2,0,9,8,9
07,27,2023,8,3,4,8,6,8
07,26,2023,6,4,9,3,6,5
07,25,2023,1,0,7,1,3,7
07,24,2023,5,0,5,9,8,2
07,23,2023,9,9,0,9,6,7
07,22,2023,9,1,2,9,2,6
07,21,2023,6,6,3,6,9,6
07,20,2023,8,0,8,4,6,8
07,19,2023,3,7,6,6,3,4
07,18,2023,2,8,8,9,4,7
07,17,2023,0,5,1,8,9,7
07,16,2023,8,0,1,7,2,3
07,15,2023,7,2,5,0,7,7
07,14,2023,8,8,4,9,2,5
07,13,2023,6,4,3,3,5,3
07,12,2023,4,8,7,9,8,5
07,11,2023,3,9,8,4,8,3
07,10,2023,5,1,5,8,1,4
07,9,2023,9,6,1,3,4,2
07,8,2023,1,9,6,6,3,6
07,7,2023,4,4,6,3,3,9
07,6,2023,1,9,7,2,2,5
07,5,2023,5,5,5,9,3,5
07,4,2023,4,5,5,8,2,4
07,3,2023,4,9,5,6,8,6
07,2,2023,2,1,5,0,9,7
07,1,2023,2,9,1,2,0,4
06,30,2023,7,3,5,0,9,5
06,29,2023,3,1,0,9,2,2
06,28,2023,3,7,8,3,1,2
06,27,2023,6,4,9,4,1,6
06,26,2023,4,5,8,2,4,8
06,25,2023,8,8,6,3,9,8
06,24,2023,1,8,0,5,3,3
06,23,2023,7,2,3,7,6,0
06,22,2023,4,0,7,6,7,4
06,21,2023,4,7,2,1,1,9
06,20,2023,5,5,3,3,2,0
06,19,2023,0,0,7,6,7,9
06,18,2023,8,3,6,1,5,9
06,17,2023,2,6,1,4,7,4
06,16,2023,9,3,9,1,7,0
06,15,2023,2,4,1,3,9,7
06,14,2023,7,0,6,2,9,3
06,13,2023,9,8,6,8,0,6
06,12,2023,9,4,1,6,7,7
06,11,2023,1,3,8,2,4,2
06,10,2023,5,9,1,1,8,9
06,9,2023,1,0,9,7,4,8
06,8,2023,2,5,0,3,5,8
06,7,2023,2,4,3,9,4,0
06,6,2023,8,5,4,8,5,1
06,5,2023,9,9,0,5,4,0