month,day,year,position01,position02,position03
04,10,2024,3,1,8
04,9,2024,6,3,5
04,8,2024,5,0,4
04,7,2024,9,8,9
04,6,2024,7,4,7
04,5,2024,7,2,2
04,4,2024,6,0,6
04,3,2024,9,7,0
04,2,2024,2,7,2
04,1,2024,5,9,6
02,31,2024,8,3,2
02,30,2024,1,9,6
02,29,2024,1,6,7
02,28,2024,3,5,6
02,27,2024,7,3,4
02,26,2024,8,5,4
02,25,2024,4,3,1
02,24,2024,5,3,4
02,23,2024,9,5,1
02,22,2024,0,0,9
02,21,2024,1,3,5
02,20,2024,4,9,9
02,19,2024,4,0,6
02,18,2024,8,0,5
02,17,2024,8,3,5
02,16,2024,5,0,9
02,15,2024,6,7,3
02,14,2024,5,3,1
02,13,2024,9,9,2
02,12,2024,9,7,9
02,11,2024,7,0,4
02,10,2024,0,8,6
02,9,2024,4,3,4
02,8,2024,7,0,5
02,7,2024,0,1,9
02,6,2024,7,9,6
02,5,2024,1,3,5
02,4,2024,5,6,4
02,3,2024,2,8,6
02,2,2024,4,1,9
02,1,2024,9,2,0
02,29,2024,2,6,2
02,28,2024,3,9,4
02,27,2024,6,6,5
02,26,2024,6,5,5
02,25,2024,3,6,8
02,24,2024,5,1,6
02,23,2024,4,4,8
02,22,2024,9,3,1
02,21,2024,1,6,8
02,20,2024,5,0,7
02,19,2024,1,9,4
02,18,2024,6,4,8
02,17,2024,5,2,4
02,16,2024,1,8,7
02,15,2024,6,9,0
02,14,2024,5,1,7
02,13,2024,5,0,0
02,12,2024,3,0,7
02,11,2024,0,1,2
02,10,2024,7,5,6
02,9,2024,1,0,5
02,8,2024,1,5,5
02,7,2024,5,9,8
02,6,2024,1,9,8
02,5,2024,3,0,6
02,4,2024,2,0,4
02,3,2024,1,5,6
02,2,2024,3,1,0
02,1,2024,3,4,7
01,31,2024,6,7,4
01,30,2024,2,4,7
01,29,2024,7,5,3
01,28,2024,0,0,9
01,27,2024,9,0,0
01,26,2024,4,0,6
01,25,2024,5,4,1
01,24,2024,5,6,2
01,23,2024,3,3,7
01,22,2024,9,7,2
01,21,2024,1,7,1
01,20,2024,1,6,1
01,19,2024,4,8,2
01,18,2024,7,0,8
01,17,2024,5,9,8
01,16,2024,0,7,0
01,15,2024,2,9,2
01,14,2024,3,3,0
01,13,2024,7,9,5
01,12,2024,0,5,2
01,11,2024,5,4,7
01,10,2024,5,6,9
01,9,2024,7,2,5
01,8,2024,1,9,9
01,7,2024,3,9,0
01,6,2024,3,2,9
01,5,2024,6,0,5
01,4,2024,0,2,9
01,3,2024,5,6,3
01,2,2024,5,7,7
01,1,2024,4,8,2
04,10,2024,3,1,8
04,9,2024,6,3,5
04,8,2024,5,0,4
04,7,2024,9,8,9
04,6,2024,7,4,7
04,5,2024,7,2,2
04,4,2024,6,0,6
04,3,2024,9,7,0
04,2,2024,2,7,2
04,1,2024,5,9,6
02,31,2024,8,3,2
02,30,2024,1,9,6
02,29,2024,1,6,7
02,28,2024,3,5,6
02,27,2024,7,3,4
02,26,2024,8,5,4
02,25,2024,4,3,1
02,24,2024,5,3,4
02,23,2024,9,5,1
02,22,2024,0,0,9
02,21,2024,1,3,5
02,20,2024,4,9,9
02,19,2024,4,0,6
02,18,2024,8,0,5
02,17,2024,8,3,5
02,16,2024,5,0,9
02,15,2024,6,7,3
02,14,2024,5,3,1
02,13,2024,9,9,2
02,12,2024,9,7,9
02,11,2024,7,0,4
02,10,2024,0,8,6
02,9,2024,4,3,4
02,8,2024,7,0,5
02,7,2024,0,1,9
02,6,2024,7,9,6
02,5,2024,1,3,5
02,4,2024,5,6,4
02,3,2024,2,8,6
02,2,2024,4,1,9
02,1,2024,9,2,0
02,29,2024,2,6,2
02,28,2024,3,9,4
02,27,2024,6,6,5
02,26,2024,6,5,5
02,25,2024,3,6,8
02,24,2024,5,1,6
02,23,2024,4,4,8
02,22,2024,9,3,1
02,21,2024,1,6,8
02,20,2024,5,0,7
02,19,2024,1,9,4
02,18,2024,6,4,8
02,17,2024,5,2,4
02,16,2024,1,8,7
02,15,2024,6,9,0
02,14,2024,5,1,7
02,13,2024,5,0,0
02,12,2024,3,0,7
02,11,2024,0,1,2
02,10,2024,7,5,6
02,9,2024,1,0,5
02,8,2024,1,5,5
02,7,2024,5,9,8
02,6,2024,1,9,8
02,5,2024,3,0,6
02,4,2024,2,0,4
02,3,2024,1,5,6
02,2,2024,3,1,0
02,1,2024,3,4,7
01,31,2024,6,7,4
01,30,2024,2,4,7
01,29,2024,7,5,3
01,28,2024,0,0,9
01,27,2024,9,0,0
01,26,2024,4,0,6
01,25,2024,5,4,1
01,24,2024,5,6,2
01,23,2024,3,3,7
01,22,2024,9,7,2
01,21,2024,1,7,1
01,20,2024,1,6,1
01,19,2024,4,8,2
01,18,2024,7,0,8
01,17,2024,5,9,8
01,16,2024,0,7,0
01,15,2024,2,9,2
01,14,2024,3,3,0
01,13,2024,7,9,5
01,12,2024,0,5,2
01,11,2024,5,4,7
01,10,2024,5,6,9
01,9,2024,7,2,5
01,8,2024,1,9,9
01,7,2024,3,9,0
01,6,2024,3,2,9
01,5,2024,6,0,5
01,4,2024,0,2,9
01,3,2024,5,6,3
01,2,2024,5,7,7
01,1,2024,4,8,2
12,31,2022,7,8,3
12,30,2022,2,8,1
12,29,2022,1,1,5
12,28,2022,8,9,1
12,27,2022,6,5,4
12,26,2022,7,1,2
12,25,2022,9,8,0
12,24,2022,8,5,4
12,23,2022,0,1,8
12,22,2022,5,9,8
12,21,2022,7,5,2
12,20,2022,0,5,3
12,19,2022,9,3,0
12,18,2022,3,3,4
12,17,2022,9,2,4
12,16,2022,8,8,3
12,15,2022,1,7,9
12,14,2022,1,3,3
12,13,2022,7,2,0
12,12,2022,6,9,2
12,11,2022,6,7,1
12,10,2022,5,4,3
12,9,2022,6,1,4
12,8,2022,4,4,4
12,7,2022,6,5,0
12,6,2022,5,6,7
12,5,2022,2,0,3
12,4,2022,0,2,5
12,3,2022,3,8,4
12,2,2022,6,2,5
12,1,2022,4,4,6
11,30,2022,3,3,8
11,29,2022,5,7,5
11,28,2022,9,3,3
11,27,2022,7,1,5
11,26,2022,3,1,1
11,25,2022,3,4,7
11,24,2022,1,7,9
11,23,2022,7,0,6
11,22,2022,5,0,6
11,21,2022,0,1,3
11,20,2022,3,6,0
11,19,2022,1,2,3
11,18,2022,1,6,9
11,17,2022,2,0,4
11,16,2022,1,2,6
11,15,2022,8,4,0
11,14,2022,1,4,0
11,13,2022,5,2,9
11,12,2022,5,7,1
11,11,2022,7,0,1
11,10,2022,5,0,3
11,9,2022,7,8,0
11,8,2022,0,6,9
11,7,2022,7,1,0
11,6,2022,4,3,6
11,5,2022,3,5,2
11,4,2022,6,1,4
11,3,2022,0,2,0
11,2,2022,8,0,7
11,1,2022,5,4,6
10,31,2022,6,1,4
10,30,2022,6,4,6
10,29,2022,3,2,5
10,28,2022,8,9,2
10,27,2022,4,6,9
10,26,2022,1,7,9
10,25,2022,9,4,9
10,24,2022,1,2,3
10,23,2022,0,5,9
10,22,2022,4,1,8
10,21,2022,9,4,4
10,20,2022,6,2,0
10,19,2022,3,0,6
10,18,2022,7,5,5
10,17,2022,8,0,0
10,16,2022,1,3,9
10,15,2022,9,7,3
10,14,2022,7,8,0
10,13,2022,6,1,3
10,12,2022,4,4,3
10,11,2022,8,4,0
10,10,2022,5,8,3
10,9,2022,7,3,6
10,8,2022,9,6,5
10,7,2022,7,4,2
10,6,2022,1,8,8
10,5,2022,7,4,1
10,4,2022,0,3,8
10,3,2022,3,7,8
10,2,2022,3,8,2
10,1,2022,9,7,6
09,30,2022,8,9,5
09,29,2022,4,9,5
09,28,2022,9,9,2
09,27,2022,8,5,6
09,26,2022,4,5,8
09,25,2022,5,3,5
09,24,2022,6,4,9
09,23,2022,7,4,3
09,22,2022,5,3,1
09,21,2022,0,2,7
09,20,2022,3,5,8
09,19,2022,0,7,7
09,18,2022,4,2,6
09,17,2022,9,1,0
09,16,2022,7,8,2
09,15,2022,5,6,7
09,14,2022,0,2,2
09,13,2022,5,4,0
09,12,2022,3,4,5
09,11,2022,9,9,0
09,10,2022,7,0,5
09,9,2022,4,1,9
09,8,2022,4,6,7
09,7,2022,8,7,7
09,6,2022,4,0,9
09,5,2022,9,4,0
09,4,2022,2,8,2
09,3,2022,6,1,1
09,2,2022,9,8,0
09,1,2022,8,3,7
08,31,2022,9,2,8
08,30,2022,4,7,1
08,29,2022,1,8,4
08,28,2022,3,3,2
08,27,2022,3,5,7
08,26,2022,4,9,7
08,25,2022,0,6,8
08,24,2022,9,2,2
08,23,2022,5,0,6
08,22,2022,2,2,5
08,21,2022,3,1,6
08,20,2022,8,7,4
08,19,2022,7,4,5
08,18,2022,8,1,0
08,17,2022,3,8,0
08,16,2022,2,6,6
08,15,2022,6,3,1
08,14,2022,9,9,7
08,13,2022,1,1,6
08,12,2022,0,2,7
08,11,2022,3,5,3
08,10,2022,8,1,6
08,9,2022,0,1,1
08,8,2022,0,6,7
08,7,2022,0,7,2
08,6,2022,2,9,6
08,5,2022,5,3,4
08,4,2022,3,9,2
08,3,2022,5,5,2
08,2,2022,6,7,5
08,1,2022,6,7,7
07,31,2022,1,3,9
07,30,2022,2,1,6
07,29,2022,9,3,1
07,28,2022,1,7,4
07,27,2022,3,8,8
07,26,2022,1,5,9
07,25,2022,8,8,6
07,24,2022,8,9,6
07,23,2022,0,5,4
07,22,2022,7,3,0
07,21,2022,0,7,2
07,20,2022,4,9,6
07,19,2022,0,4,6
07,18,2022,3,2,3
07,17,2022,6,9,2
07,16,2022,8,1,2
07,15,2022,3,4,9
07,14,2022,7,4,6
07,13,2022,6,0,5
07,12,2022,5,4,7
07,11,2022,6,1,0
07,10,2022,3,4,7
07,9,2022,6,4,1
07,8,2022,6,2,0
07,7,2022,1,0,1
07,6,2022,6,9,6
07,5,2022,2,2,3
07,4,2022,1,7,9
07,3,2022,0,2,7
07,2,2022,0,4,0
07,1,2022,9,4,1
06,30,2022,9,5,9
06,29,2022,2,0,0
06,28,2022,7,8,6
06,27,2022,6,9,3
06,26,2022,4,9,1
06,25,2022,8,9,4
06,24,2022,5,1,8
06,23,2022,2,5,3
06,22,2022,4,9,6
06,21,2022,7,6,8
06,20,2022,4,2,2
06,19,2022,8,1,2
06,18,2022,5,4,1
06,17,2022,4,6,2
06,16,2022,9,7,4
06,15,2022,6,3,3
06,14,2022,6,6,2
06,13,2022,7,9,9
06,12,2022,4,1,7
06,11,2022,0,9,0
06,10,2022,8,2,8
06,9,2022,4,7,2
06,8,2022,4,1,0
06,7,2022,7,5,2
06,6,2022,5,9,1
06,5,2022,6,6,1
06,4,2022,3,4,4
06,3,2022,4,2,8
06,2,2022,6,2,7
06,1,2022,7,3,9
05,31,2022,5,7,3
05,30,2022,6,5,6
05,29,2022,6,9,5
05,28,2022,8,1,7
05,27,2022,9,6,3
05,26,2022,1,6,9
05,25,2022,8,3,5
05,24,2022,8,2,3
05,23,2022,3,1,0
05,22,2022,4,4,3
05,21,2022,3,9,7
05,20,2022,2,4,2
05,19,2022,2,8,7
05,18,2022,4,6,7
05,17,2022,2,7,3
05,16,2022,7,0,4
05,15,2022,5,4,9
05,14,2022,0,7,9
05,13,2022,5,6,2
05,12,2022,8,9,7
05,11,2022,1,8,5
05,10,2022,9,7,0
05,9,2022,8,0,2
05,8,2022,3,2,6
05,7,2022,7,3,7
05,6,2022,1,2,7
05,5,2022,8,5,9
05,4,2022,6,2,9
05,3,2022,3,4,7
05,2,2022,3,7,3
05,1,2022,3,0,9
04,30,2022,5,8,7
04,29,2022,0,6,9
04,28,2022,8,2,7
04,27,2022,5,8,5
04,26,2022,0,1,9
04,25,2022,5,5,0
04,24,2022,4,9,8
04,23,2022,6,6,9
04,22,2022,7,2,1
04,21,2022,1,4,7
04,20,2022,2,6,9
04,19,2022,8,0,1
04,18,2022,6,3,9
04,17,2022,6,8,0
04,16,2022,6,8,8
04,15,2022,7,8,7
04,14,2022,5,7,3
04,13,2022,0,9,1
04,12,2022,2,6,9
04,11,2022,7,8,6
04,10,2022,3,8,6
04,9,2022,4,0,0
04,8,2022,1,2,3
04,7,2022,3,7,0
04,6,2022,8,2,9
04,5,2022,6,7,0
04,4,2022,4,5,6
04,3,2022,4,8,3
04,2,2022,9,0,9
04,1,2022,6,4,7
02,31,2022,0,3,9
02,30,2022,0,5,3
02,29,2022,3,7,1
02,28,2022,5,1,6
02,27,2022,8,3,4
02,26,2022,8,9,5
02,25,2022,2,3,4
02,24,2022,3,2,8
02,23,2022,8,7,8
02,22,2022,9,0,3
02,21,2022,2,1,8
02,20,2022,9,2,5
02,19,2022,1,5,1
02,18,2022,5,8,2
02,17,2022,2,8,7
02,16,2022,8,0,9
02,15,2022,2,9,8
02,14,2022,6,8,9
02,13,2022,6,2,9
02,12,2022,2,1,0
02,11,2022,6,3,8
02,10,2022,7,5,9
02,9,2022,2,6,8
02,8,2022,5,8,1
02,7,2022,7,2,1
02,6,2022,0,1,9
02,5,2022,1,3,4
02,4,2022,2,3,7
02,3,2022,9,2,8
02,2,2022,8,2,6
02,1,2022,5,9,0
02,28,2022,4,6,8
02,27,2022,5,1,9
02,26,2022,4,2,4
02,25,2022,9,2,9
02,24,2022,9,2,6
02,23,2022,3,6,6
02,22,2022,4,0,7
02,21,2022,3,0,7
02,20,2022,5,1,3
02,19,2022,0,5,4
02,18,2022,5,8,0
02,17,2022,7,0,3
02,16,2022,4,8,4
02,15,2022,4,5,6
02,14,2022,6,0,8
02,13,2022,2,0,1
02,12,2022,1,9,8
02,11,2022,7,0,9
02,10,2022,2,2,2
02,9,2022,7,7,3
02,8,2022,9,9,8
02,7,2022,8,5,0
02,6,2022,7,5,2
02,5,2022,7,4,6
02,4,2022,0,7,8
02,3,2022,8,1,3
02,2,2022,1,8,8
02,1,2022,8,2,4
01,31,2022,1,4,1
01,30,2022,9,9,0
01,29,2022,7,1,3
01,28,2022,4,9,2
01,27,2022,7,7,4
01,26,2022,1,0,4
01,25,2022,6,1,6
01,24,2022,5,3,8
01,23,2022,9,4,1
01,22,2022,1,1,0
01,21,2022,5,1,0
01,20,2022,0,0,1
01,19,2022,6,9,8
01,18,2022,1,3,6
01,17,2022,3,7,9
01,16,2022,2,0,9
01,15,2022,8,1,3
01,14,2022,8,6,3
01,13,2022,6,3,8
01,12,2022,3,8,4
01,11,2022,7,4,8
01,10,2022,2,8,6
01,9,2022,8,9,3
01,8,2022,5,5,7
01,7,2022,1,6,8
01,6,2022,7,9,4
01,5,2022,3,5,4
01,4,2022,9,1,1
01,3,2022,9,8,6
01,2,2022,5,9,1
01,1,2022,3,5,8
12,31,2021,7,2,7
12,30,2021,3,3,8
12,29,2021,3,2,9
12,28,2021,3,7,6
12,27,2021,7,2,3
12,26,2021,1,7,7
12,25,2021,8,4,9
12,24,2021,5,1,9
12,23,2021,2,2,3
12,22,2021,1,6,9
12,21,2021,1,5,8
12,20,2021,0,1,1
12,19,2021,1,6,5
12,18,2021,8,4,2
12,17,2021,6,7,1
12,16,2021,5,8,0
12,15,2021,3,6,5
12,14,2021,7,7,6
12,13,2021,7,4,3
12,12,2021,3,5,0
12,11,2021,6,7,0
12,10,2021,4,1,5
12,9,2021,7,5,7
12,8,2021,9,4,2
12,7,2021,4,4,7
12,6,2021,2,3,5
12,5,2021,6,6,1
12,4,2021,4,5,1
12,3,2021,2,0,3
12,2,2021,4,6,8
12,1,2021,6,2,5
11,30,2021,3,5,6
11,29,2021,7,2,4
11,28,2021,6,1,2
11,27,2021,9,2,9
11,26,2021,4,3,6
11,25,2021,5,1,1
11,24,2021,6,8,6
11,23,2021,7,7,3
11,22,2021,1,8,7
11,21,2021,6,9,4
11,20,2021,6,9,5
11,19,2021,7,8,4
11,18,2021,1,7,6
11,17,2021,8,9,7
11,16,2021,0,5,9
11,15,2021,4,6,7
11,14,2021,7,9,1
11,13,2021,7,1,9
11,12,2021,7,1,7
11,11,2021,6,3,7
11,10,2021,1,6,4
11,9,2021,1,8,9
11,8,2021,5,0,0
11,7,2021,5,6,3
11,6,2021,0,5,6
11,5,2021,5,8,6
11,4,2021,0,6,8
11,3,2021,7,5,9
11,2,2021,9,5,7
11,1,2021,8,2,1
10,31,2021,8,6,6
10,30,2021,6,6,5
10,29,2021,0,3,2
10,28,2021,3,1,9
10,27,2021,4,6,7
10,26,2021,0,5,2
10,25,2021,3,4,6
10,24,2021,4,9,6
10,23,2021,5,4,4
10,22,2021,8,9,1
10,21,2021,8,8,4
10,20,2021,9,8,3
10,19,2021,1,5,2
10,18,2021,7,4,6
10,17,2021,1,4,7
10,16,2021,6,0,3
10,15,2021,8,8,1
10,14,2021,8,2,6
10,13,2021,1,3,4
10,12,2021,0,5,4
10,11,2021,3,8,9
10,10,2021,4,3,6
10,9,2021,1,5,1
10,8,2021,7,1,3
10,7,2021,9,3,1
10,6,2021,1,7,9
10,5,2021,3,5,5
10,4,2021,1,4,0
10,3,2021,1,9,9
10,2,2021,3,8,4
10,1,2021,5,4,4
09,30,2021,0,6,2
09,29,2021,0,4,6
09,28,2021,1,6,0
09,27,2021,7,4,5
09,26,2021,5,9,6
09,25,2021,5,7,1
09,24,2021,2,0,8
09,23,2021,4,7,9
09,22,2021,6,0,8
09,21,2021,4,6,8
09,20,2021,5,8,5
09,19,2021,8,1,8
09,18,2021,6,7,6
09,17,2021,3,7,8
09,16,2021,7,3,8
09,15,2021,9,5,5
09,14,2021,2,4,9
09,13,2021,7,1,7
09,12,2021,7,0,6
09,11,2021,0,8,4
09,10,2021,3,9,2
09,9,2021,3,0,2
09,8,2021,7,9,8
09,7,2021,4,8,5
09,6,2021,1,0,9
09,5,2021,5,0,9
09,4,2021,1,7,3
09,3,2021,4,1,0
09,2,2021,1,5,6
09,1,2021,0,7,3
08,31,2021,6,8,6
08,30,2021,4,7,7
08,29,2021,3,7,1
08,28,2021,9,8,0
08,27,2021,8,8,2
08,26,2021,7,4,5
08,25,2021,3,8,8
08,24,2021,4,4,6
08,23,2021,0,6,2
08,22,2021,8,2,9
08,21,2021,2,0,5
08,20,2021,5,0,9
08,19,2021,2,2,9
08,18,2021,1,4,6
08,17,2021,0,6,3
08,16,2021,2,2,2
08,15,2021,9,7,9
08,14,2021,9,9,9
08,13,2021,7,5,1
08,12,2021,1,6,5
08,11,2021,9,5,1
08,10,2021,9,9,8
08,9,2021,2,5,7
08,8,2021,2,0,9
08,7,2021,5,2,1
08,6,2021,3,2,2
08,5,2021,3,9,1
08,4,2021,5,0,9
08,3,2021,0,0,1
08,2,2021,1,7,5
08,1,2021,5,9,2
07,31,2021,9,2,1
07,30,2021,3,9,0
07,29,2021,2,5,2
07,28,2021,4,3,5
07,27,2021,0,2,7
07,26,2021,2,3,6
07,25,2021,1,7,0
07,24,2021,1,6,8
07,23,2021,2,0,1
07,22,2021,2,9,7
07,21,2021,5,9,3
07,20,2021,4,4,3
07,19,2021,7,9,5
07,18,2021,7,4,3
07,17,2021,8,8,7
07,16,2021,3,6,0
07,15,2021,0,5,1
07,14,2021,3,0,3
07,13,2021,7,6,8
07,12,2021,1,6,0
07,11,2021,0,8,6
07,10,2021,9,3,4
07,9,2021,5,5,6
07,8,2021,9,4,4
07,7,2021,6,1,1
07,6,2021,4,6,3
07,5,2021,7,5,3
07,4,2021,4,4,0
07,3,2021,9,4,2
07,2,2021,6,9,7
07,1,2021,2,8,2
06,30,2021,4,7,4
06,29,2021,1,8,4
06,28,2021,1,2,0
06,27,2021,4,7,6
06,26,2021,6,1,2
06,25,2021,7,4,3
06,24,2021,3,7,7
06,23,2021,2,1,4
06,22,2021,4,1,0
06,21,2021,0,6,6
06,20,2021,4,0,6
06,19,2021,3,3,5
06,18,2021,7,5,4
06,17,2021,0,3,8
06,16,2021,4,8,4
06,15,2021,4,0,0
06,14,2021,2,2,0
06,13,2021,5,5,6
06,12,2021,6,7,4
06,11,2021,9,0,6
06,10,2021,1,0,0
06,9,2021,6,0,0
06,8,2021,5,1,9
06,7,2021,0,4,1
06,6,2021,8,6,2
06,5,2021,5,5,7
06,4,2021,5,3,0
06,3,2021,9,8,4
06,2,2021,1,0,8
06,1,2021,6,2,2
05,31,2021,8,1,2
05,30,2021,7,7,3
05,29,2021,0,0,6
05,28,2021,8,2,5
05,27,2021,8,1,4
05,26,2021,0,3,6
05,25,2021,9,9,6
05,24,2021,9,8,5
05,23,2021,9,0,8
05,22,2021,6,5,8
05,21,2021,7,8,5
05,20,2021,7,8,8
05,19,2021,3,8,7
05,18,2021,2,5,9
05,17,2021,9,4,8
05,16,2021,5,1,0
05,15,2021,9,3,4
05,14,2021,1,2,4
05,13,2021,9,6,0
05,12,2021,9,6,2
05,11,2021,3,0,8
05,10,2021,7,7,3
05,9,2021,9,4,7
05,8,2021,4,8,6
05,7,2021,1,9,0
05,6,2021,9,4,0
05,5,2021,1,6,2
05,4,2021,7,6,7
05,3,2021,0,0,5
05,2,2021,2,4,1
05,1,2021,2,6,9
04,30,2021,7,8,5
04,29,2021,1,2,2
04,28,2021,7,4,4
04,27,2021,3,0,3
04,26,2021,9,1,6
04,25,2021,7,3,3
04,24,2021,6,9,2
04,23,2021,7,6,3
04,22,2021,5,1,8
04,21,2021,9,6,3
04,20,2021,4,5,8
04,19,2021,6,4,6
04,18,2021,2,1,5
04,17,2021,9,3,2
04,16,2021,9,5,2
04,15,2021,3,0,6
04,14,2021,7,0,2
04,13,2021,3,5,3
04,12,2021,2,1,5
04,11,2021,0,7,8
04,10,2021,0,9,4
04,9,2021,9,2,8
04,8,2021,8,1,3
04,7,2021,2,7,1
04,6,2021,7,2,1
04,5,2021,0,0,7
04,4,2021,7,1,8
04,3,2021,2,0,2
04,2,2021,9,3,0
04,1,2021,1,7,5
02,31,2021,0,2,9
02,30,2021,3,8,2
02,29,2021,6,3,4
02,28,2021,5,9,2
02,27,2021,9,6,3
02,26,2021,8,1,1
02,25,2021,4,5,7
02,24,2021,2,2,5
02,23,2021,6,2,3
02,22,2021,0,3,4
02,21,2021,9,2,2
02,20,2021,5,4,1
02,19,2021,5,6,3
02,18,2021,1,2,6
02,17,2021,4,8,7
02,16,2021,4,1,0
02,15,2021,3,0,8
02,14,2021,7,1,2
02,13,2021,0,1,0
02,12,2021,2,5,8
02,11,2021,8,5,9
02,10,2021,9,1,1
02,9,2021,6,3,4
02,8,2021,0,5,6
02,7,2021,1,6,2
02,6,2021,8,7,8
02,5,2021,7,4,0
02,4,2021,0,8,1
02,3,2021,9,6,2
02,2,2021,1,8,3
02,1,2021,7,1,2
02,28,2021,9,7,4
02,27,2021,8,9,1
02,26,2021,4,3,5
02,25,2021,8,6,0
02,24,2021,5,9,6
02,23,2021,7,8,2
02,22,2021,4,3,0
02,21,2021,0,5,5
02,20,2021,3,0,0
02,19,2021,1,2,8
02,18,2021,9,5,2
02,17,2021,0,8,0
02,16,2021,8,8,3
02,15,2021,1,7,9
02,14,2021,2,9,4
02,13,2021,6,8,2
02,12,2021,5,6,5
02,11,2021,4,4,1
02,10,2021,4,7,3
02,9,2021,5,0,5
02,8,2021,9,4,4
02,7,2021,0,2,4
02,6,2021,5,5,1
02,5,2021,9,3,4
02,4,2021,2,3,2
02,3,2021,1,1,6
02,2,2021,0,7,7
02,1,2021,2,4,6
01,31,2021,6,4,5
01,30,2021,2,4,1
01,29,2021,9,2,6
01,28,2021,7,7,6
01,27,2021,2,7,3
01,26,2021,5,3,5
01,25,2021,8,6,7
01,24,2021,6,2,6
01,23,2021,1,8,4
01,22,2021,9,4,6
01,21,2021,0,7,7
01,20,2021,0,5,8
01,19,2021,4,1,0
01,18,2021,9,6,3
01,17,2021,6,4,5
01,16,2021,7,6,7
01,15,2021,9,5,3
01,14,2021,5,2,5
01,13,2021,7,2,2
01,12,2021,3,0,5
01,11,2021,5,2,6
01,10,2021,2,8,7
01,9,2021,6,1,6
01,8,2021,8,3,0
01,7,2021,7,8,6
01,6,2021,7,6,3
01,5,2021,2,6,8
01,4,2021,2,8,9
01,3,2021,8,8,7
01,2,2021,1,2,9
01,1,2021,3,1,9
12,31,2020,2,7,8
12,30,2020,7,2,2
12,29,2020,2,2,6
12,28,2020,4,6,9
12,27,2020,5,9,2
12,26,2020,3,4,9
12,25,2020,2,2,4
12,24,2020,0,3,0
12,23,2020,0,9,3
12,22,2020,8,1,9
12,21,2020,4,7,9
12,20,2020,7,7,9
12,19,2020,3,6,8
12,18,2020,5,0,7
12,17,2020,5,3,3
12,16,2020,9,9,7
12,15,2020,3,6,0
12,14,2020,0,3,7
12,13,2020,5,6,7
12,12,2020,9,8,9
12,11,2020,3,3,2
12,10,2020,2,7,5
12,9,2020,1,2,8
12,8,2020,7,7,5
12,7,2020,8,5,9
12,6,2020,6,0,5
12,5,2020,1,7,9
12,4,2020,3,5,0
12,3,2020,4,3,7
12,2,2020,3,2,0
12,1,2020,0,2,1
11,30,2020,5,3,5
11,29,2020,7,5,8
11,28,2020,5,2,4
11,27,2020,6,3,5
11,26,2020,5,4,0
11,25,2020,4,7,7
11,24,2020,7,6,3
11,23,2020,4,5,3
11,22,2020,4,3,2
11,21,2020,7,2,5
11,20,2020,0,4,8
11,19,2020,4,5,7
11,18,2020,3,4,1
11,17,2020,0,0,4
11,16,2020,0,9,5
11,15,2020,1,7,7
11,14,2020,9,1,1
11,13,2020,9,2,8
11,12,2020,9,2,7
11,11,2020,8,4,9
11,10,2020,9,2,8
11,9,2020,5,3,9
11,8,2020,3,0,5
11,7,2020,8,6,2
11,6,2020,6,7,0
11,5,2020,0,6,6
11,4,2020,9,4,7
11,3,2020,7,9,9
11,2,2020,5,9,7
11,1,2020,0,3,4
10,31,2020,8,6,3
10,30,2020,2,7,8
10,29,2020,9,1,3
10,28,2020,8,7,0
10,27,2020,3,2,5
10,26,2020,3,4,9
10,25,2020,4,5,4
10,24,2020,9,9,1
10,23,2020,8,0,0
10,22,2020,0,5,2
10,21,2020,6,8,3
10,20,2020,8,2,7
10,19,2020,1,2,0
10,18,2020,7,6,8
10,17,2020,3,3,3
10,16,2020,5,1,3
10,15,2020,8,7,9
10,14,2020,7,5,7
10,13,2020,6,5,1
10,12,2020,5,1,9
10,11,2020,0,1,1
10,10,2020,0,7,7
10,9,2020,6,1,0
10,8,2020,6,9,4
10,7,2020,3,8,9
10,6,2020,7,1,4
10,5,2020,9,7,1
10,4,2020,0,0,3
10,3,2020,9,5,5
10,2,2020,8,2,1
10,1,2020,2,4,4
09,30,2020,6,6,4
09,29,2020,8,5,0
09,28,2020,8,2,0
09,27,2020,9,3,6
09,26,2020,3,0,1
09,25,2020,8,9,6
09,24,2020,1,0,2
09,23,2020,5,6,8
09,22,2020,2,1,2
09,21,2020,3,4,5
09,20,2020,1,4,6
09,19,2020,6,9,6
09,18,2020,1,6,4
09,17,2020,2,4,9
09,16,2020,0,0,2
09,15,2020,6,3,5
09,14,2020,2,4,7
09,13,2020,4,6,1
09,12,2020,8,5,9
09,11,2020,5,6,4
09,10,2020,5,9,6
09,9,2020,2,5,7
09,8,2020,7,4,4
09,7,2020,9,4,2
09,6,2020,9,1,3
09,5,2020,6,8,8
09,4,2020,0,4,2
09,3,2020,8,9,4
09,2,2020,2,2,9
09,1,2020,7,9,1
08,31,2020,5,8,2
08,30,2020,7,0,6
08,29,2020,1,3,8
08,28,2020,0,5,5
08,27,2020,1,5,6
08,26,2020,8,7,6
08,25,2020,4,9,9
08,24,2020,0,1,6
08,23,2020,6,8,5
08,22,2020,8,3,6
08,21,2020,6,6,0
08,20,2020,5,5,4
08,19,2020,7,5,5
08,18,2020,3,6,4
08,17,2020,6,1,3
08,16,2020,3,8,3
08,15,2020,7,6,1
08,14,2020,8,7,4
08,13,2020,0,9,3
08,12,2020,4,0,9
08,11,2020,5,4,1
08,10,2020,9,5,4
08,9,2020,8,4,0
08,8,2020,3,5,2
08,7,2020,8,7,1
08,6,2020,7,7,8
08,5,2020,4,4,5
08,4,2020,7,0,7
08,3,2020,3,9,2
08,2,2020,4,5,3
08,1,2020,5,0,5
07,31,2020,1,7,1
07,30,2020,5,8,2
07,29,2020,8,0,3
07,28,2020,8,8,1
07,27,2020,6,6,1
07,26,2020,4,8,5
07,25,2020,7,6,6
07,24,2020,9,9,6
07,23,2020,5,1,9
07,22,2020,9,3,4
07,21,2020,0,9,1
07,20,2020,3,9,5
07,19,2020,0,5,0
07,18,2020,0,6,7
07,17,2020,2,4,0
07,16,2020,5,9,6
07,15,2020,3,0,7
07,14,2020,0,7,9
07,13,2020,9,5,1
07,12,2020,2,7,9
07,11,2020,8,0,4
07,10,2020,9,8,7
07,9,2020,5,0,0
07,8,2020,0,0,5
07,7,2020,7,1,3
07,6,2020,9,5,3
07,5,2020,3,6,3
07,4,2020,4,5,9
07,3,2020,7,7,2
07,2,2020,2,5,9
07,1,2020,0,8,2
06,30,2020,5,9,3
06,29,2020,0,2,5
06,28,2020,4,5,0
06,27,2020,1,1,7
06,26,2020,4,8,1
06,25,2020,5,7,1
06,24,2020,1,2,4
06,23,2020,6,5,4
06,22,2020,8,3,6
06,21,2020,8,6,6
06,20,2020,3,1,0
06,19,2020,5,6,8
06,18,2020,9,8,4
06,17,2020,1,8,8
06,16,2020,1,0,0
06,15,2020,7,7,4
06,14,2020,6,1,8
06,13,2020,3,3,9
06,12,2020,0,4,9
06,11,2020,2,3,4
06,10,2020,6,6,8
06,9,2020,5,9,7
06,8,2020,1,4,8
06,7,2020,2,3,0
06,6,2020,0,2,2
06,5,2020,8,4,4
06,4,2020,8,3,8
06,3,2020,8,0,9
06,2,2020,0,6,0
06,1,2020,9,7,5
05,31,2020,9,2,5
05,30,2020,1,7,5
05,29,2020,4,4,3
05,28,2020,7,0,4
05,27,2020,5,5,2
05,26,2020,4,9,6
05,25,2020,6,1,0
05,24,2020,7,7,4
05,23,2020,5,5,6
05,22,2020,3,9,9
05,21,2020,7,2,3
05,20,2020,5,6,9
05,19,2020,3,5,1
05,18,2020,1,3,6
05,17,2020,9,6,8
05,16,2020,4,2,7
05,15,2020,0,2,9
05,14,2020,7,8,6
05,13,2020,0,2,2
05,12,2020,5,5,7
05,11,2020,2,7,3
05,10,2020,7,4,3
05,9,2020,0,5,9
05,8,2020,0,8,1
05,7,2020,6,6,5
05,6,2020,3,3,7
05,5,2020,1,8,3
05,4,2020,5,1,7
05,3,2020,9,0,5
05,2,2020,7,1,8
05,1,2020,0,8,7
04,30,2020,4,8,9
04,29,2020,3,3,8
04,28,2020,7,6,6
04,27,2020,3,3,2
04,26,2020,6,5,1
04,25,2020,4,6,6
04,24,2020,9,2,0
04,23,2020,5,2,6
04,22,2020,8,2,6
04,21,2020,4,1,2
04,20,2020,8,3,8
04,19,2020,5,8,2
04,18,2020,8,2,2
04,17,2020,7,9,4
04,16,2020,0,6,8
04,15,2020,6,1,1
04,14,2020,6,5,0
04,13,2020,7,4,4
04,12,2020,3,8,9
04,11,2020,7,7,8
04,10,2020,5,5,5
04,9,2020,9,9,2
04,8,2020,0,6,1
04,7,2020,6,1,4
04,6,2020,3,6,7
04,5,2020,2,0,1
04,4,2020,7,2,4
04,3,2020,3,7,4
04,2,2020,7,4,1
04,1,2020,9,1,4
02,31,2020,8,4,3
02,30,2020,5,5,2
02,29,2020,5,3,6
02,28,2020,5,2,1
02,27,2020,6,7,5
02,26,2020,6,8,2
02,25,2020,6,9,5
02,24,2020,1,2,8
02,23,2020,3,9,2
02,22,2020,9,7,4
02,21,2020,4,5,4
02,20,2020,7,4,7
02,19,2020,2,9,1
02,18,2020,2,0,5
02,17,2020,2,8,1
02,16,2020,8,3,3
02,15,2020,2,8,6
02,14,2020,9,1,3
02,13,2020,6,8,5
02,12,2020,4,2,7
02,11,2020,1,3,2
02,10,2020,3,9,3
02,9,2020,2,2,1
02,8,2020,4,4,3
02,7,2020,2,7,1
02,6,2020,1,8,5
02,5,2020,7,2,1
02,4,2020,9,9,9
02,3,2020,1,2,8
02,2,2020,7,4,8
02,1,2020,4,0,0
02,29,2020,2,0,0
02,28,2020,6,4,7
02,27,2020,1,5,6
02,26,2020,3,4,6
02,25,2020,7,5,8
02,24,2020,4,6,2
02,23,2020,1,0,4
02,22,2020,5,6,9
02,21,2020,6,1,3
02,20,2020,5,3,8
02,19,2020,8,1,4
02,18,2020,7,5,5
02,17,2020,5,7,8
02,16,2020,4,3,6
02,15,2020,9,9,1
02,14,2020,8,2,9
02,13,2020,6,9,8
02,12,2020,7,9,1
02,11,2020,9,9,4
02,10,2020,1,5,5
02,9,2020,5,8,0
02,8,2020,9,4,0
02,7,2020,7,1,3
02,6,2020,6,1,2
02,5,2020,9,5,6
02,4,2020,5,3,6
02,3,2020,3,9,6
02,2,2020,3,8,5
02,1,2020,6,1,0
01,31,2020,0,1,8
01,30,2020,5,2,5
01,29,2020,0,9,6
01,28,2020,7,8,0
01,27,2020,4,3,8
01,26,2020,6,3,3
01,25,2020,8,3,3
01,24,2020,4,0,9
01,23,2020,3,4,4
01,22,2020,6,3,5
01,21,2020,4,6,6
01,20,2020,0,9,1
01,19,2020,1,9,3
01,18,2020,2,2,4
01,17,2020,2,3,2
01,16,2020,3,1,4
01,15,2020,9,3,9
01,14,2020,5,3,8
01,13,2020,1,9,8
01,12,2020,5,6,1
01,11,2020,8,9,5
01,10,2020,2,7,6
01,9,2020,5,2,8
01,8,2020,6,4,4
01,7,2020,5,5,7
01,6,2020,7,7,0
01,5,2020,7,1,2
01,4,2020,2,4,6
01,3,2020,8,3,5
01,2,2020,1,3,9
01,1,2020,0,8,3