month,day,year,position01,position02,position03,position04,position05,position06
04,10,2024,10,21,26,32,33,15
04,9,2024,4,25,26,31,33,27
04,8,2024,4,10,13,24,37,36
04,7,2024,5,9,22,25,35,16
04,6,2024,22,24,25,37,39,21
04,5,2024,4,7,9,10,24,11
04,4,2024,1,21,25,27,30,3
04,3,2024,4,17,20,23,30,19
04,2,2024,9,17,22,30,35,24
04,1,2024,21,24,28,29,33,20
02,31,2024,2,4,15,25,29,20
02,30,2024,9,10,11,15,39,5
02,29,2024,16,19,28,33,34,9
02,28,2024,18,28,29,33,34,24
02,27,2024,3,5,17,22,34,1
02,26,2024,11,23,26,38,39,15
02,25,2024,1,2,6,23,26,31
02,24,2024,14,18,24,36,38,31
02,23,2024,12,18,20,21,25,13
02,22,2024,5,11,16,24,37,10
02,21,2024,14,16,19,20,37,24
02,20,2024,3,10,20,28,33,37
02,19,2024,14,20,28,30,39,18
02,18,2024,3,5,11,21,22,27
02,17,2024,16,28,32,35,39,26
02,16,2024,17,27,31,33,39,13
02,15,2024,2,16,17,19,22,18
02,14,2024,16,24,25,31,39,29
02,13,2024,2,5,6,27,30,13
02,12,2024,2,18,29,35,38,16
02,11,2024,6,10,15,22,35,5
02,10,2024,6,9,17,21,29,4
02,9,2024,23,27,28,38,39,36
02,8,2024,5,7,16,19,21,4
02,7,2024,3,5,12,28,32,14
02,6,2024,13,17,19,23,37,34
02,5,2024,5,14,17,24,37,29
02,4,2024,11,15,27,36,39,35
02,3,2024,1,6,9,25,36,4
02,2,2024,3,5,13,19,22,1
02,1,2024,4,8,10,28,35,37
02,29,2024,7,17,20,29,32,18
02,28,2024,9,25,28,31,37,4
02,27,2024,1,2,21,24,25,5
02,26,2024,9,22,27,33,35,8
02,25,2024,14,15,20,26,32,13
02,24,2024,7,12,13,16,29,33
02,23,2024,4,11,25,28,30,35
02,22,2024,12,14,19,20,21,18
02,21,2024,4,20,23,30,33,3
02,20,2024,5,14,24,31,39,38
02,19,2024,12,19,23,28,37,5
02,18,2024,14,15,26,37,38,9
02,17,2024,2,16,30,31,38,3
02,16,2024,7,10,16,19,37,32
02,15,2024,13,14,17,27,35,10
02,14,2024,21,22,23,26,29,28
02,13,2024,8,21,23,32,36,6
02,12,2024,4,17,28,38,39,36
02,11,2024,11,19,21,25,32,16
02,10,2024,11,12,17,27,28,4
02,9,2024,20,26,27,31,37,15
02,8,2024,3,5,7,32,38,8
02,7,2024,1,4,24,25,29,36
02,6,2024,3,19,29,32,37,11
02,5,2024,6,11,24,29,30,7
02,4,2024,11,13,28,33,36,26
02,3,2024,12,15,30,32,36,8
02,2,2024,2,13,16,26,27,32
02,1,2024,14,16,23,32,38,6
01,31,2024,20,22,24,26,38,7
01,30,2024,8,28,32,33,38,26
01,29,2024,1,22,23,25,37,15
01,28,2024,16,18,25,32,37,38
01,27,2024,4,5,11,24,31,3
01,26,2024,9,26,33,35,38,20
01,25,2024,2,5,19,22,36,7
01,24,2024,2,15,18,31,33,11
01,23,2024,13,19,20,30,31,36
01,22,2024,5,9,18,21,34,24
01,21,2024,8,10,12,18,30,26
01,20,2024,4,20,25,31,33,16
01,19,2024,11,14,27,30,35,6
01,18,2024,1,4,9,26,27,7
01,17,2024,1,4,8,22,33,28
01,16,2024,25,29,33,35,37,9
01,15,2024,4,10,14,31,32,8
01,14,2024,1,6,18,31,38,10
01,13,2024,4,27,31,35,36,37
01,12,2024,3,13,18,31,36,15
01,11,2024,3,18,19,21,37,5
01,10,2024,15,29,30,31,37,2
01,9,2024,5,11,18,26,29,28
01,8,2024,3,16,30,32,33,27
01,7,2024,2,8,17,26,32,7
01,6,2024,11,12,24,27,35,36
01,5,2024,6,21,22,25,29,17
01,4,2024,5,21,32,38,39,7
01,3,2024,9,12,18,31,35,37
01,2,2024,4,7,12,20,29,39
01,1,2024,15,23,25,26,27,9
12,31,2023,7,14,17,20,31,29
12,30,2023,11,14,27,32,33,35
12,29,2023,9,21,22,25,34,1
12,28,2023,4,7,9,16,32,5
12,27,2023,5,18,20,24,33,3
12,26,2023,4,8,31,34,37,26
12,25,2023,8,13,18,23,24,17
12,24,2023,16,24,25,27,29,36
12,23,2023,11,20,29,33,36,32
12,22,2023,2,5,21,28,32,20
12,21,2023,3,21,24,27,30,25
12,20,2023,4,19,20,23,29,38
12,19,2023,9,13,16,19,36,32
12,18,2023,7,9,12,16,38,33
12,17,2023,6,7,15,17,32,26
12,16,2023,10,16,30,35,38,12
12,15,2023,2,9,11,16,18,25
12,14,2023,2,6,9,37,39,19
12,13,2023,1,2,12,17,18,38
12,12,2023,1,11,18,19,33,30
12,11,2023,1,11,19,25,29,32
12,10,2023,8,10,15,16,17,36
12,9,2023,3,7,13,21,28,14
12,8,2023,3,14,25,37,38,4
12,7,2023,2,10,11,12,26,24
12,6,2023,7,8,12,16,23,9
12,5,2023,1,9,12,14,39,28
12,4,2023,8,12,25,30,34,4
12,3,2023,14,16,20,26,36,9
12,2,2023,2,21,26,34,35,36
12,1,2023,2,11,23,27,34,13
11,30,2023,4,12,16,27,38,6
11,29,2023,8,11,14,25,37,4
11,28,2023,13,16,21,22,23,1
11,27,2023,12,17,19,31,32,4
11,26,2023,9,17,27,28,35,2
11,25,2023,1,27,34,37,38,15
11,24,2023,5,14,24,29,31,2
11,23,2023,8,9,11,14,20,36
11,22,2023,19,23,26,28,37,11
11,21,2023,1,3,25,35,38,36
11,20,2023,2,8,9,12,35,38
11,19,2023,7,13,21,31,38,24
11,18,2023,10,18,20,22,31,23
11,17,2023,2,3,24,33,36,29
11,16,2023,12,14,28,32,38,13
11,15,2023,5,18,21,24,38,19
11,14,2023,1,4,6,21,33,3
11,13,2023,1,12,19,32,33,8
11,12,2023,3,8,12,16,37,5
11,11,2023,6,7,12,13,33,37
11,10,2023,6,8,21,30,31,38
11,9,2023,15,17,24,31,36,25
11,8,2023,11,23,24,30,38,4
11,7,2023,7,13,15,20,28,22
11,6,2023,2,15,18,26,39,34
11,5,2023,11,12,19,30,37,14
11,4,2023,12,20,22,25,27,23
11,3,2023,2,5,27,33,37,38
11,2,2023,13,27,31,32,39,23
11,1,2023,3,8,13,16,22,1
10,31,2023,9,22,23,27,31,11
10,30,2023,8,15,19,25,26,3
10,29,2023,5,7,14,18,34,35
10,28,2023,8,11,29,31,39,24
10,27,2023,7,8,20,28,31,33
10,26,2023,20,22,25,27,30,31
10,25,2023,11,25,26,33,39,2
10,24,2023,10,13,15,27,33,38
10,23,2023,17,19,23,25,35,14
10,22,2023,8,13,14,21,39,16
10,21,2023,1,4,12,19,28,2
10,20,2023,1,15,22,28,30,39
10,19,2023,4,10,17,35,39,32
10,18,2023,1,12,24,32,38,13
10,17,2023,1,17,29,32,35,6
10,16,2023,14,22,24,27,35,38
10,15,2023,3,14,16,20,38,17
10,14,2023,15,28,31,34,36,21
10,13,2023,1,2,5,7,38,31
10,12,2023,3,6,11,30,36,4
10,11,2023,8,12,20,22,28,2
10,10,2023,15,22,27,28,29,26
10,9,2023,8,16,27,28,38,35
10,8,2023,11,20,25,30,37,34
10,7,2023,8,10,13,21,25,20
10,6,2023,18,25,30,37,39,17
10,5,2023,5,6,20,33,36,22
10,4,2023,1,4,13,15,27,31
10,3,2023,6,21,23,25,28,2
10,2,2023,10,13,19,35,36,27
10,1,2023,6,8,10,26,39,33
09,30,2023,1,9,18,22,32,2
09,29,2023,8,14,16,17,25,31
09,28,2023,6,12,29,33,35,5
09,27,2023,13,23,30,32,35,10
09,26,2023,8,10,22,37,38,4
09,25,2023,12,24,34,35,38,16
09,24,2023,3,12,13,16,37,26
09,23,2023,10,16,18,22,27,33
09,22,2023,5,24,30,36,37,20
09,21,2023,6,15,24,28,30,8
09,20,2023,8,9,30,36,38,2
09,19,2023,1,12,27,32,37,10
09,18,2023,13,16,19,25,38,33
09,17,2023,18,23,29,31,32,9
09,16,2023,2,19,34,35,38,3
09,15,2023,1,11,17,34,39,13
09,14,2023,6,10,31,38,39,18
09,13,2023,14,15,19,20,23,5
09,12,2023,13,20,25,30,39,36
09,11,2023,7,18,32,35,36,30
09,10,2023,2,8,26,30,34,29
09,9,2023,9,16,28,31,33,26
09,8,2023,9,10,16,30,35,28
09,7,2023,3,14,21,30,31,5
09,6,2023,9,16,36,37,39,3
09,5,2023,13,29,32,35,37,5
09,4,2023,4,14,19,21,36,11
09,3,2023,8,17,18,23,39,36
09,2,2023,9,15,18,19,28,5
09,1,2023,4,5,9,10,18,31
08,31,2023,14,22,24,30,34,25
08,30,2023,3,5,13,19,29,2
08,29,2023,15,17,30,32,39,12
08,28,2023,2,7,23,35,38,22
08,27,2023,7,26,29,32,39,15
08,26,2023,10,17,23,26,28,18
08,25,2023,14,18,19,31,38,34
08,24,2023,6,9,10,21,28,5
08,23,2023,2,13,27,29,35,34
08,22,2023,13,16,17,18,26,4
08,21,2023,12,17,19,20,35,2
08,20,2023,2,8,10,13,34,25
08,19,2023,2,11,17,32,33,19
08,18,2023,10,11,13,32,37,35
08,17,2023,3,9,19,36,38,15
08,16,2023,7,14,29,35,39,37
08,15,2023,2,6,15,17,31,14
08,14,2023,9,23,24,28,36,2
08,13,2023,6,8,17,23,25,1
08,12,2023,5,14,15,26,39,9
08,11,2023,3,6,20,34,38,14
08,10,2023,1,21,27,34,39,3
08,9,2023,1,22,27,28,31,10
08,8,2023,3,19,23,24,33,16
08,7,2023,5,16,23,27,29,24
08,6,2023,1,7,28,30,35,2
08,5,2023,1,6,9,17,35,7
08,4,2023,4,16,19,20,22,25
08,3,2023,7,9,11,20,22,21
08,2,2023,11,19,20,22,25,16
08,1,2023,7,14,15,24,33,6
07,31,2023,2,7,21,36,38,33
07,30,2023,11,12,25,27,37,21
07,29,2023,11,13,20,22,30,6
07,28,2023,13,17,22,26,32,4
07,27,2023,4,21,30,32,33,8
07,26,2023,4,9,10,20,23,12
07,25,2023,14,15,27,34,38,23
07,24,2023,1,4,8,38,39,34
07,23,2023,22,23,31,34,35,30
07,22,2023,10,14,15,32,34,29
07,21,2023,21,24,26,32,35,23
07,20,2023,5,6,11,37,38,3
07,19,2023,16,23,30,35,36,38
07,18,2023,7,24,26,32,37,28
07,17,2023,8,15,18,25,28,30
07,16,2023,7,11,33,35,39,23
07,15,2023,3,6,8,23,33,22
07,14,2023,7,19,27,29,37,15
07,13,2023,13,19,22,23,27,34
07,12,2023,10,11,17,21,29,28
07,11,2023,3,13,15,25,29,22
07,10,2023,2,6,25,28,31,36
07,9,2023,4,10,14,22,33,36
07,8,2023,6,7,17,20,33,9
07,7,2023,2,16,24,29,35,15
07,6,2023,2,11,12,14,16,17
07,5,2023,3,6,7,11,16,2
07,4,2023,3,13,22,34,35,19
07,3,2023,1,5,10,13,27,3
07,2,2023,2,6,20,21,26,4
07,1,2023,2,15,25,29,38,7
06,30,2023,1,6,12,16,21,31
06,29,2023,11,21,29,35,37,30
06,28,2023,25,29,30,31,38,12
06,27,2023,1,4,5,27,33,39
06,26,2023,3,8,16,19,26,6
06,25,2023,17,18,20,24,30,21
06,24,2023,3,7,14,18,30,10
06,23,2023,10,18,25,26,31,38
06,22,2023,2,8,16,28,36,34
06,21,2023,1,2,24,26,35,25
06,20,2023,14,26,34,35,36,3
06,19,2023,22,23,29,35,38,37
06,18,2023,5,8,15,32,33,12
06,17,2023,9,10,15,19,36,5
06,16,2023,1,5,12,16,39,20
06,15,2023,1,5,8,24,32,37
06,14,2023,9,10,24,26,30,11
06,13,2023,1,2,17,18,24,6
06,12,2023,10,12,21,23,26,37
06,11,2023,8,13,21,31,35,26
06,10,2023,7,8,10,24,27,6
06,9,2023,7,18,19,22,35,23
06,8,2023,12,16,22,27,33,9
06,7,2023,1,4,11,19,39,38
06,6,2023,7,18,24,30,36,21
06,5,2023,1,3,6,15,37,33
06,4,2023,6,22,23,27,38,21
06,3,2023,3,10,19,30,31,11
06,2,2023,2,13,17,18,25,36
06,1,2023,8,11,19,21,34,38
05,31,2023,11,31,32,36,39,21
05,30,2023,1,13,21,33,39,38
05,29,2023,11,18,23,26,38,6
05,28,2023,5,6,8,23,30,33
05,27,2023,4,7,26,35,37,5
05,26,2023,10,21,26,27,29,22
05,25,2023,3,11,17,32,34,31
05,24,2023,3,9,15,34,38,35
05,23,2023,15,19,25,33,34,30
05,22,2023,21,24,29,32,33,16
05,21,2023,1,14,15,21,23,18
05,20,2023,2,6,15,17,20,13
05,19,2023,3,7,14,25,35,4
05,18,2023,18,20,23,29,30,12
05,17,2023,3,4,8,16,35,32
05,16,2023,1,4,12,18,30,29
05,15,2023,10,19,26,30,34,12
05,14,2023,1,4,9,15,33,27
05,13,2023,11,14,21,28,30,37
05,12,2023,15,17,22,27,37,25
05,11,2023,6,14,18,21,23,22
05,10,2023,4,17,22,33,35,27
05,9,2023,7,8,21,27,36,32
05,8,2023,5,12,14,27,38,1
05,7,2023,1,13,16,31,35,10
05,6,2023,4,8,13,16,28,3
05,5,2023,7,26,29,35,36,11
05,4,2023,1,7,14,18,22,8
05,3,2023,10,14,15,24,27,5
05,2,2023,4,14,15,27,36,25
05,1,2023,3,4,29,38,39,17
04,30,2023,1,19,20,29,30,16
04,29,2023,4,19,26,28,29,20
04,28,2023,2,5,10,28,33,15
04,27,2023,6,9,27,30,32,37
04,26,2023,10,16,22,33,37,38
04,25,2023,5,6,25,35,36,20
04,24,2023,13,23,25,30,31,8
04,23,2023,2,13,15,17,25,35
04,22,2023,4,20,23,29,33,30
04,21,2023,6,9,13,14,36,29
04,20,2023,17,18,21,37,39,34
04,19,2023,6,8,16,29,39,9
04,18,2023,6,11,24,25,37,7
04,17,2023,1,8,20,21,37,15
04,16,2023,18,21,22,30,36,35
04,15,2023,4,13,22,28,34,20
04,14,2023,2,17,20,25,26,3
04,13,2023,2,25,27,31,32,3
04,12,2023,2,4,12,14,29,37
04,11,2023,1,6,15,17,33,29
04,10,2023,1,3,21,23,38,9
04,9,2023,3,11,17,31,32,9
04,8,2023,16,17,32,35,39,11
04,7,2023,2,5,21,30,37,13
04,6,2023,3,22,25,27,36,18
04,5,2023,10,12,15,36,38,2
04,4,2023,4,9,13,30,36,29
04,3,2023,10,13,23,28,29,8
04,2,2023,8,11,32,36,38,30
04,1,2023,10,15,16,30,39,37
02,31,2023,22,23,24,31,33,12
02,30,2023,14,26,27,37,39,6
02,29,2023,5,20,27,31,39,8
02,28,2023,1,4,6,12,39,23
02,27,2023,7,11,16,37,39,1
02,26,2023,6,8,9,25,34,2
02,25,2023,6,18,31,32,36,7
02,24,2023,3,12,19,27,33,32
02,23,2023,1,9,23,34,39,27
02,22,2023,15,17,23,24,30,39
02,21,2023,5,14,21,34,37,7
02,20,2023,5,7,16,31,32,28
02,19,2023,2,7,10,20,38,6
02,18,2023,2,4,29,33,34,11
02,17,2023,3,16,26,31,38,36
02,16,2023,2,8,30,31,35,19
02,15,2023,14,24,29,33,36,30
02,14,2023,1,10,13,20,34,7
02,13,2023,5,6,21,22,26,17
02,12,2023,2,8,19,23,33,37
02,11,2023,14,21,25,34,36,28
02,10,2023,2,16,17,26,28,19
02,9,2023,2,12,15,23,31,18
02,8,2023,16,19,28,30,37,11
02,7,2023,10,12,16,26,28,14
02,6,2023,4,11,19,24,37,16
02,5,2023,3,5,17,27,39,1
02,4,2023,24,27,33,35,37,30
02,3,2023,1,4,5,23,28,12
02,2,2023,3,17,22,28,35,34
02,1,2023,2,6,16,26,33,30
02,28,2023,2,5,19,29,31,32
02,27,2023,2,23,24,26,31,21
02,26,2023,2,22,25,27,38,15
02,25,2023,1,3,14,29,35,17
02,24,2023,9,15,23,24,28,27
02,23,2023,12,15,17,24,36,30
02,22,2023,5,13,14,28,33,10
02,21,2023,4,13,14,15,24,28
02,20,2023,4,13,30,37,39,35
02,19,2023,4,8,10,21,37,31
02,18,2023,25,28,31,32,37,14
02,17,2023,9,25,30,36,39,15
02,16,2023,8,10,19,22,24,17
02,15,2023,1,3,12,32,36,10
02,14,2023,5,8,13,19,24,33
02,13,2023,2,10,15,28,37,19
02,12,2023,1,11,12,17,28,24
02,11,2023,22,27,33,34,38,1
02,10,2023,1,2,5,15,18,29
02,9,2023,7,11,19,21,32,9
02,8,2023,2,20,25,31,32,21
02,7,2023,9,10,12,18,23,14
02,6,2023,6,17,27,33,36,12
02,5,2023,4,19,20,28,33,31
02,4,2023,9,14,23,26,33,34
02,3,2023,13,26,32,34,35,6
02,2,2023,14,24,28,36,37,35
02,1,2023,7,15,25,28,37,4
01,31,2023,26,27,29,31,33,20
01,30,2023,7,9,22,27,32,4
01,29,2023,3,5,18,28,33,19
01,28,2023,3,11,15,24,33,38
01,27,2023,1,8,20,22,38,7
01,26,2023,16,18,23,28,31,24
01,25,2023,18,20,23,27,28,36
01,24,2023,2,13,16,27,36,31
01,23,2023,11,14,21,37,38,13
01,22,2023,2,5,10,11,39,8
01,21,2023,2,8,14,25,35,26
01,20,2023,5,7,13,34,35,24
01,19,2023,5,12,16,31,39,6
01,18,2023,7,8,22,25,38,21
01,17,2023,4,16,19,22,24,21
01,16,2023,1,2,10,16,33,26
01,15,2023,3,10,16,19,37,15
01,14,2023,19,22,24,36,37,25
01,13,2023,1,5,20,34,39,9
01,12,2023,3,22,23,28,38,35
01,11,2023,1,9,11,24,25,19
01,10,2023,17,21,23,27,33,18
01,9,2023,8,15,23,31,33,24
01,8,2023,4,10,20,24,32,35
01,7,2023,6,9,20,22,27,16
01,6,2023,6,19,24,34,39,30
01,5,2023,3,11,20,23,30,33
01,4,2023,6,7,31,35,37,16
01,3,2023,7,22,23,25,33,13
01,2,2023,10,22,30,35,38,18
01,1,2023,9,11,13,25,31,27
12,31,2022,10,11,14,18,34,26
12,30,2022,2,11,21,22,33,37
12,29,2022,3,11,22,23,38,29
12,28,2022,2,7,23,32,36,37
12,27,2022,4,6,8,21,37,32
12,26,2022,2,5,15,29,31,11
12,25,2022,8,18,19,23,34,28
12,24,2022,2,6,13,19,39,25
12,23,2022,1,4,29,32,36,27
12,22,2022,19,20,28,34,35,4
12,21,2022,22,23,25,31,35,15
12,20,2022,20,26,27,28,30,31
12,19,2022,8,10,21,32,35,31
12,18,2022,8,9,10,18,28,12
12,17,2022,15,27,30,33,38,34
12,16,2022,21,24,29,33,35,36
12,15,2022,6,7,22,27,35,20
12,14,2022,10,14,15,20,35,8
12,13,2022,1,6,7,31,37,12
12,12,2022,4,23,28,33,36,8
12,11,2022,10,14,25,28,33,17
12,10,2022,9,16,36,38,39,8
12,9,2022,17,19,22,27,36,38
12,8,2022,6,11,13,35,38,3
12,7,2022,3,13,27,31,39,1
12,6,2022,11,14,20,32,33,38
12,5,2022,5,22,26,27,34,38
12,4,2022,4,11,21,33,35,37
12,3,2022,12,15,25,37,39,8
12,2,2022,1,25,26,36,37,10
12,1,2022,1,10,13,19,25,2
11,30,2022,1,6,11,12,39,33
11,29,2022,4,6,16,22,27,10
11,28,2022,2,10,17,33,37,16
11,27,2022,14,17,28,29,30,39
11,26,2022,8,15,29,37,38,35
11,25,2022,15,27,30,33,39,12
11,24,2022,7,10,14,24,35,27
11,23,2022,4,20,23,24,35,13
11,22,2022,3,18,21,28,36,4
11,21,2022,1,9,21,23,33,22
11,20,2022,10,13,18,26,29,8
11,19,2022,14,18,22,34,35,17
11,18,2022,16,18,19,31,37,6
11,17,2022,6,10,17,27,33,1
11,16,2022,3,13,19,23,24,16
11,15,2022,14,15,21,26,29,25
11,14,2022,4,21,23,24,39,29
11,13,2022,1,4,12,27,34,31
11,12,2022,3,10,20,29,31,23
11,11,2022,9,19,24,32,34,2
11,10,2022,1,5,7,13,26,24
11,9,2022,4,6,29,32,36,30
11,8,2022,1,4,16,33,34,30
11,7,2022,8,11,26,29,35,16
11,6,2022,3,13,22,31,34,15
11,5,2022,7,16,19,27,31,17
11,4,2022,3,23,24,26,38,12
11,3,2022,5,6,16,28,37,34
11,2,2022,11,15,16,18,35,17
11,1,2022,1,5,6,11,36,24
10,31,2022,4,10,15,19,26,25
10,30,2022,3,5,18,24,33,25
10,29,2022,4,5,16,26,38,36
10,28,2022,10,23,24,25,35,8
10,27,2022,2,4,9,22,33,27
10,26,2022,1,10,22,24,29,9
10,25,2022,13,14,22,23,30,8
10,24,2022,9,10,11,20,34,18
10,23,2022,6,17,25,27,38,12
10,22,2022,6,8,25,28,39,23
10,21,2022,8,10,26,33,35,36
10,20,2022,8,10,17,21,22,2
10,19,2022,13,14,18,19,28,5
10,18,2022,9,21,22,31,32,29
10,17,2022,11,32,33,36,38,18
10,16,2022,1,10,19,29,32,6
10,15,2022,5,16,17,26,36,35
10,14,2022,4,14,18,26,32,9
10,13,2022,6,7,12,20,34,9
10,12,2022,5,10,16,23,32,1
10,11,2022,6,13,30,31,37,19
10,10,2022,2,23,30,31,39,19
10,9,2022,2,6,25,30,39,26
10,8,2022,3,5,10,18,38,24
10,7,2022,6,7,36,38,39,1
10,6,2022,15,17,18,29,35,38
10,5,2022,1,8,10,13,37,34
10,4,2022,18,25,28,30,31,13
10,3,2022,13,19,20,32,36,3
10,2,2022,1,2,6,8,18,35
10,1,2022,6,15,17,28,36,39
09,30,2022,1,20,21,28,30,7
09,29,2022,3,6,28,32,35,36
09,28,2022,4,11,16,30,37,38
09,27,2022,4,17,27,28,32,33
09,26,2022,1,15,25,35,38,16
09,25,2022,3,12,18,22,39,19
09,24,2022,8,17,18,20,34,13
09,23,2022,6,17,23,28,29,32
09,22,2022,4,16,27,31,39,24
09,21,2022,16,19,30,31,32,34
09,20,2022,1,2,5,27,34,20
09,19,2022,6,8,17,24,34,19
09,18,2022,8,11,27,34,39,20
09,17,2022,1,7,14,23,35,18
09,16,2022,31,32,35,36,39,7
09,15,2022,6,8,9,13,34,14
09,14,2022,3,15,24,27,38,17
09,13,2022,6,13,17,33,39,21
09,12,2022,19,22,28,32,33,10
09,11,2022,4,8,9,15,33,32
09,10,2022,1,5,15,19,21,4
09,9,2022,6,13,16,22,28,11
09,8,2022,3,13,18,32,35,5
09,7,2022,7,15,18,25,26,34
09,6,2022,6,8,17,24,37,16
09,5,2022,4,8,19,32,39,30
09,4,2022,11,13,22,30,34,12
09,3,2022,9,15,19,24,26,8
09,2,2022,14,16,29,30,31,7
09,1,2022,3,4,19,22,28,39
08,31,2022,4,5,26,32,39,28
08,30,2022,10,13,16,20,36,15
08,29,2022,7,20,21,35,36,15
08,28,2022,4,6,20,24,38,36
08,27,2022,6,9,14,30,32,34
08,26,2022,4,9,12,26,38,22
08,25,2022,6,16,18,33,37,31
08,24,2022,2,3,6,15,19,32
08,23,2022,5,8,12,21,39,35
08,22,2022,4,16,19,22,27,36
08,21,2022,14,25,32,36,39,26
08,20,2022,2,13,17,33,36,23
08,19,2022,9,12,23,24,35,32
08,18,2022,5,6,19,34,39,31
08,17,2022,1,10,16,38,39,24
08,16,2022,14,15,19,30,33,26
08,15,2022,6,9,12,23,24,27
08,14,2022,6,23,28,30,39,16
08,13,2022,7,11,20,31,34,14
08,12,2022,6,11,30,34,39,29
08,11,2022,8,20,22,35,38,16
08,10,2022,5,10,16,22,38,24
08,9,2022,23,26,28,30,34,5
08,8,2022,16,25,27,34,36,26
08,7,2022,4,13,14,22,34,10
08,6,2022,2,19,21,31,35,10
08,5,2022,1,22,28,33,39,23
08,4,2022,1,10,13,22,25,26
08,3,2022,6,7,8,23,32,11
08,2,2022,1,19,26,34,39,16
08,1,2022,11,13,16,30,36,22
07,31,2022,14,22,25,33,37,4
07,30,2022,15,16,24,35,37,14
07,29,2022,3,5,19,26,30,10
07,28,2022,3,16,20,27,36,4
07,27,2022,10,13,23,36,39,30
07,26,2022,2,5,7,15,25,21
07,25,2022,10,13,35,37,39,8
07,24,2022,7,10,13,26,27,6
07,23,2022,6,12,25,26,37,8
07,22,2022,1,14,16,18,29,22
07,21,2022,3,11,13,22,37,4
07,20,2022,2,13,18,23,34,21
07,19,2022,10,15,17,21,32,12
07,18,2022,3,13,27,31,36,35
07,17,2022,1,10,11,13,14,3
07,16,2022,5,13,14,26,30,36
07,15,2022,4,9,27,34,39,7
07,14,2022,7,11,22,30,36,29
07,13,2022,7,19,21,22,33,25
07,12,2022,7,9,10,14,36,2
07,11,2022,5,10,28,32,39,19
07,10,2022,3,9,10,11,34,37
07,9,2022,7,21,22,25,32,33
07,8,2022,1,15,30,33,36,16
07,7,2022,10,13,16,29,31,11
07,6,2022,11,22,24,25,28,31
07,5,2022,5,16,18,31,39,3
07,4,2022,15,23,25,27,38,32
07,3,2022,11,29,31,34,38,16
07,2,2022,1,14,18,22,38,31
07,1,2022,1,3,17,23,34,8
06,30,2022,9,11,13,33,34,39
06,29,2022,3,4,24,27,28,17
06,28,2022,21,30,32,38,39,14
06,27,2022,8,15,19,28,31,22
06,26,2022,13,14,18,24,26,38
06,25,2022,5,17,26,29,31,32
06,24,2022,1,11,15,19,29,6
06,23,2022,18,23,30,31,32,3
06,22,2022,14,17,20,24,31,33
06,21,2022,5,6,10,16,35,11
06,20,2022,1,7,10,32,39,15
06,19,2022,11,21,34,35,36,10
06,18,2022,2,15,24,32,38,8
06,17,2022,6,10,17,21,35,32
06,16,2022,11,20,25,29,35,32
06,15,2022,17,22,26,31,32,8
06,14,2022,1,7,9,25,34,11
06,13,2022,8,13,29,31,33,6
06,12,2022,5,23,31,36,38,7
06,11,2022,5,9,16,22,36,2
06,10,2022,9,12,18,20,22,34
06,9,2022,7,15,22,33,38,19
06,8,2022,1,14,15,19,22,32
06,7,2022,10,18,19,21,34,15
06,6,2022,1,6,24,27,30,37
06,5,2022,2,12,27,29,37,25
06,4,2022,10,11,12,29,35,33
06,3,2022,8,23,28,29,37,18
06,2,2022,4,19,36,38,39,5
06,1,2022,7,11,13,14,31,3
05,31,2022,16,17,19,27,34,10
05,30,2022,8,23,31,36,39,7
05,29,2022,19,21,30,35,38,5
05,28,2022,12,16,17,20,26,38
05,27,2022,13,14,18,31,35,9
05,26,2022,2,10,15,20,21,32
05,25,2022,12,24,27,28,33,4
05,24,2022,3,4,12,28,36,16
05,23,2022,3,7,8,10,25,32
05,22,2022,4,6,9,22,28,35
05,21,2022,13,19,27,35,38,17
05,20,2022,20,21,24,33,39,17
05,19,2022,5,19,28,33,34,8
05,18,2022,12,14,15,19,32,21
05,17,2022,1,6,28,29,36,35
05,16,2022,7,14,27,31,35,28
05,15,2022,10,11,12,21,35,18
05,14,2022,1,7,20,21,24,15
05,13,2022,8,16,22,25,28,35
05,12,2022,1,5,14,26,34,27
05,11,2022,1,5,18,21,32,39
05,10,2022,4,21,26,28,31,29
05,9,2022,5,8,11,18,37,38
05,8,2022,3,7,14,33,39,38
05,7,2022,8,9,18,28,38,17
05,6,2022,6,8,9,27,30,10
05,5,2022,11,13,20,22,39,30
05,4,2022,12,14,17,19,26,3
05,3,2022,1,17,22,26,27,29
05,2,2022,1,11,15,33,39,6
05,1,2022,5,10,13,18,29,28
04,30,2022,2,9,11,15,22,31
04,29,2022,5,13,16,32,37,33
04,28,2022,5,24,26,30,37,6
04,27,2022,1,30,33,36,38,10
04,26,2022,1,6,9,16,20,2
04,25,2022,3,4,15,31,34,11
04,24,2022,3,4,23,25,28,17
04,23,2022,1,2,15,37,39,4
04,22,2022,9,23,25,32,36,8
04,21,2022,10,18,22,25,36,15
04,20,2022,2,10,26,31,36,38
04,19,2022,3,5,13,17,27,18
04,18,2022,1,12,17,26,28,33
04,17,2022,8,13,24,26,28,21
04,16,2022,5,23,26,32,35,27
04,15,2022,15,21,28,30,31,29
04,14,2022,2,14,22,27,32,24
04,13,2022,13,22,23,35,39,28
04,12,2022,11,23,29,31,36,7
04,11,2022,3,6,21,29,38,17
04,10,2022,1,4,7,11,29,19
04,9,2022,1,12,19,22,30,4
04,8,2022,10,11,25,36,37,13
04,7,2022,2,4,29,31,39,9
04,6,2022,5,9,15,36,37,39
04,5,2022,8,11,14,27,34,6
04,4,2022,5,6,10,22,37,29
04,3,2022,1,6,9,16,38,2
04,2,2022,9,10,11,17,27,28
04,1,2022,10,16,21,28,37,29
02,31,2022,1,9,19,20,34,38
02,30,2022,2,11,21,35,37,9
02,29,2022,8,21,22,33,34,11
02,28,2022,1,2,3,13,36,19
02,27,2022,18,19,20,27,29,30
02,26,2022,12,19,25,30,37,28
02,25,2022,4,5,8,10,21,24
02,24,2022,8,18,26,32,38,24
02,23,2022,2,12,15,18,24,17
02,22,2022,2,7,9,17,28,6
02,21,2022,6,7,8,9,36,2
02,20,2022,12,19,26,33,36,34
02,19,2022,1,15,16,27,35,10
02,18,2022,11,20,25,32,38,13
02,17,2022,11,12,18,23,36,25
02,16,2022,5,12,19,20,24,32
02,15,2022,3,5,13,24,38,11
02,14,2022,2,8,10,16,34,4
02,13,2022,10,12,17,23,32,29
02,12,2022,3,12,13,18,34,37
02,11,2022,12,14,18,24,33,38
02,10,2022,2,14,19,23,36,32
02,9,2022,14,27,32,33,36,38
02,8,2022,17,22,24,27,28,21
02,7,2022,10,11,22,35,37,2
02,6,2022,2,4,5,8,16,39
02,5,2022,6,7,13,19,26,20
02,4,2022,5,6,12,15,17,30
02,3,2022,3,6,22,33,34,17
02,2,2022,4,9,31,32,34,38
02,1,2022,8,20,23,29,32,21
02,28,2022,6,26,28,30,38,11
02,27,2022,2,6,26,33,34,15
02,26,2022,13,21,35,36,39,2
02,25,2022,9,12,18,25,35,26
02,24,2022,24,28,33,34,36,16
02,23,2022,3,19,22,24,28,11
02,22,2022,2,20,24,31,39,21
02,21,2022,1,6,9,29,33,7
02,20,2022,4,10,19,35,39,16
02,19,2022,1,9,16,27,29,3
02,18,2022,1,14,29,33,34,22
02,17,2022,16,21,22,24,34,7
02,16,2022,1,7,8,11,33,12
02,15,2022,15,16,19,28,29,8
02,14,2022,3,18,31,32,39,2
02,13,2022,4,7,9,10,28,36
02,12,2022,3,16,17,22,37,12
02,11,2022,1,5,11,19,23,33
02,10,2022,2,18,31,36,38,33
02,9,2022,3,7,17,33,34,31
02,8,2022,6,10,25,30,38,12
02,7,2022,5,16,22,25,35,23
02,6,2022,1,6,10,14,23,31
02,5,2022,10,11,17,18,38,32
02,4,2022,7,19,25,35,36,27
02,3,2022,13,17,22,24,25,1
02,2,2022,5,9,15,31,37,12
02,1,2022,5,15,16,23,33,21
01,31,2022,6,27,35,37,38,5
01,30,2022,5,10,15,23,32,3
01,29,2022,8,22,27,30,33,18
01,28,2022,7,9,10,24,32,19
01,27,2022,7,10,15,27,30,23
01,26,2022,5,12,27,32,35,4
01,25,2022,8,10,15,27,35,6
01,24,2022,14,17,25,33,38,10
01,23,2022,3,10,18,31,34,28
01,22,2022,3,11,13,21,38,28
01,21,2022,1,17,27,33,39,25
01,20,2022,1,6,8,13,20,16
01,19,2022,16,17,24,36,38,15
01,18,2022,4,25,31,32,37,19
01,17,2022,1,5,16,33,39,12
01,16,2022,3,8,18,35,38,17
01,15,2022,7,18,21,27,35,4
01,14,2022,4,11,20,37,39,24
01,13,2022,13,23,28,32,34,7
01,12,2022,3,23,30,32,38,31
01,11,2022,4,7,8,27,39,17
01,10,2022,4,9,19,26,35,3
01,9,2022,1,14,15,21,37,8
01,8,2022,5,6,10,29,36,24
01,7,2022,4,25,28,34,39,27
01,6,2022,2,3,16,28,33,5
01,5,2022,9,12,18,28,36,26
01,4,2022,6,9,11,14,22,38
01,3,2022,9,11,22,32,35,1
01,2,2022,1,9,12,25,35,20
01,1,2022,3,10,11,12,13,28
12,31,2021,5,7,20,29,33,2
12,30,2021,1,4,6,9,38,32
12,29,2021,9,10,12,19,28,15
12,28,2021,8,17,25,38,39,37
12,27,2021,17,18,24,25,34,11
12,26,2021,3,18,19,35,39,34
12,25,2021,9,14,24,28,35,32
12,24,2021,5,6,10,29,35,22
12,23,2021,1,5,11,16,32,37
12,22,2021,1,30,32,37,38,29
12,21,2021,3,4,19,33,36,35
12,20,2021,1,7,14,16,38,10
12,19,2021,1,4,5,15,36,20
12,18,2021,9,11,17,20,25,24
12,17,2021,3,5,14,23,28,8
12,16,2021,8,14,24,32,39,18
12,15,2021,5,13,17,24,36,22
12,14,2021,7,12,18,20,25,30
12,13,2021,9,12,13,26,27,5
12,12,2021,2,6,17,18,30,1
12,11,2021,2,12,24,30,36,32
12,10,2021,1,13,21,22,27,26
12,9,2021,3,11,19,20,23,14
12,8,2021,1,3,17,26,33,13
12,7,2021,11,20,23,26,36,28
12,6,2021,1,6,13,17,33,27
12,5,2021,8,21,23,38,39,16
12,4,2021,20,24,25,33,39,23
12,3,2021,5,14,24,31,37,36
12,2,2021,9,20,24,36,39,5
12,1,2021,4,10,12,14,24,39
11,30,2021,2,7,26,29,39,25
11,29,2021,11,15,20,32,39,17
11,28,2021,2,6,14,22,30,4
11,27,2021,13,22,24,26,34,38
11,26,2021,2,8,17,35,36,4
11,25,2021,4,6,25,31,32,17
11,24,2021,2,12,16,26,35,21
11,23,2021,5,12,32,33,35,34
11,22,2021,4,26,29,33,35,19
11,21,2021,5,6,8,13,34,18
11,20,2021,9,19,30,32,34,31
11,19,2021,12,20,25,36,37,32
11,18,2021,1,18,19,23,36,14
11,17,2021,3,4,22,29,39,30
11,16,2021,6,10,19,23,37,25
11,15,2021,8,19,20,24,27,6
11,14,2021,9,20,25,30,34,28
11,13,2021,10,11,21,33,34,28
11,12,2021,7,15,17,26,39,3
11,11,2021,4,13,14,21,26,8
11,10,2021,12,13,16,24,35,27
11,9,2021,7,12,15,16,24,11
11,8,2021,4,15,16,30,33,3
11,7,2021,8,11,12,19,27,28
11,6,2021,15,16,18,22,24,20
11,5,2021,10,19,32,34,35,8
11,4,2021,8,14,15,16,34,9
11,3,2021,4,7,16,26,30,6
11,2,2021,5,13,29,35,36,17
11,1,2021,3,19,21,30,37,32
10,31,2021,1,16,25,35,38,36
10,30,2021,1,18,19,25,39,37
10,29,2021,6,15,18,20,34,7
10,28,2021,9,31,34,36,39,18
10,27,2021,7,9,24,31,37,32
10,26,2021,2,3,9,23,26,38
10,25,2021,1,11,12,28,31,5
10,24,2021,13,20,34,37,39,10
10,23,2021,6,11,16,29,32,19
10,22,2021,4,26,31,34,36,11
10,21,2021,1,7,10,26,38,39
10,20,2021,3,5,7,17,38,19
10,19,2021,11,20,22,27,32,9
10,18,2021,5,10,32,33,38,6
10,17,2021,12,15,20,23,38,31
10,16,2021,2,4,10,21,36,26
10,15,2021,9,14,28,29,32,11
10,14,2021,8,14,17,27,33,34
10,13,2021,8,9,11,35,38,39
10,12,2021,9,18,26,27,36,16
10,11,2021,8,16,21,23,32,3
10,10,2021,4,16,27,31,32,9
10,9,2021,1,6,21,24,36,33
10,8,2021,6,12,27,33,35,28
10,7,2021,4,6,8,10,15,32
10,6,2021,2,25,28,29,33,36
10,5,2021,14,18,19,24,26,7
10,4,2021,4,21,27,29,34,38
10,3,2021,3,7,21,24,38,17
10,2,2021,2,14,21,29,36,37
10,1,2021,4,6,18,37,38,26
09,30,2021,4,26,29,34,37,14
09,29,2021,5,21,26,31,38,27
09,28,2021,6,7,9,11,17,32
09,27,2021,15,16,18,20,35,11
09,26,2021,2,11,32,33,39,35
09,25,2021,17,27,31,35,37,25
09,24,2021,10,11,13,14,34,35
09,23,2021,2,3,24,36,39,1
09,22,2021,1,11,15,25,31,24
09,21,2021,11,16,19,32,33,3
09,20,2021,8,11,15,30,31,33
09,19,2021,3,5,24,27,34,30
09,18,2021,3,7,9,21,23,32
09,17,2021,5,14,33,36,39,26
09,16,2021,6,26,29,31,38,34
09,15,2021,23,27,29,35,37,28
09,14,2021,9,18,22,26,33,39
09,13,2021,10,13,16,28,31,33
09,12,2021,2,17,23,31,37,6
09,11,2021,1,15,22,23,27,3
09,10,2021,15,22,28,33,36,32
09,9,2021,2,9,21,24,35,22
09,8,2021,4,9,19,22,23,37
09,7,2021,2,13,17,25,37,3
09,6,2021,1,12,19,20,36,26
09,5,2021,5,18,20,26,37,31
09,4,2021,3,13,14,20,37,1
09,3,2021,11,12,26,29,30,15
09,2,2021,10,21,24,26,28,31
09,1,2021,1,11,17,20,35,23
08,31,2021,1,2,3,21,26,10
08,30,2021,1,3,21,33,35,15
08,29,2021,2,6,7,12,29,20
08,28,2021,5,9,10,13,14,20
08,27,2021,1,12,23,28,30,17
08,26,2021,17,18,21,26,27,37
08,25,2021,10,18,23,28,38,27
08,24,2021,8,21,26,31,33,5
08,23,2021,26,27,31,34,35,21
08,22,2021,13,16,25,35,38,29
08,21,2021,1,11,17,19,30,20
08,20,2021,3,5,9,14,26,22
08,19,2021,8,10,15,25,35,28
08,18,2021,5,11,18,29,36,15
08,17,2021,7,17,24,29,37,34
08,16,2021,1,2,5,9,38,11
08,15,2021,2,21,22,31,32,28
08,14,2021,5,18,19,38,39,24
08,13,2021,4,20,24,32,34,14
08,12,2021,9,10,16,26,27,35
08,11,2021,1,12,19,30,38,33
08,10,2021,9,12,15,19,32,22
08,9,2021,3,10,34,35,38,39
08,8,2021,1,14,17,21,37,3
08,7,2021,2,15,22,25,37,10
08,6,2021,2,15,17,25,35,8
08,5,2021,18,19,22,27,35,25
08,4,2021,11,25,28,34,36,39
08,3,2021,8,19,25,36,38,39
08,2,2021,2,27,34,35,37,26
08,1,2021,15,19,23,24,30,9
07,31,2021,2,3,15,23,32,24
07,30,2021,10,20,25,30,33,38
07,29,2021,18,22,29,34,35,21
07,28,2021,4,18,19,20,27,23
07,27,2021,1,12,24,28,29,20
07,26,2021,1,7,8,26,31,9
07,25,2021,2,3,15,16,24,19
07,24,2021,10,16,30,32,35,27
07,23,2021,11,14,15,26,37,20
07,22,2021,3,12,23,26,33,11
07,21,2021,1,5,13,24,38,28
07,20,2021,10,13,20,25,33,14
07,19,2021,3,7,9,17,20,6
07,18,2021,11,16,17,29,38,27
07,17,2021,16,19,20,31,38,4
07,16,2021,1,9,13,15,26,8
07,15,2021,2,11,23,31,32,38
07,14,2021,4,21,28,29,31,15
07,13,2021,5,19,23,29,36,12
07,12,2021,11,14,20,24,31,12
07,11,2021,4,17,18,19,38,11
07,10,2021,1,4,8,21,25,11
07,9,2021,5,10,13,29,38,1
07,8,2021,7,9,10,26,29,13
07,7,2021,1,14,18,20,36,24
07,6,2021,2,5,24,30,32,15
07,5,2021,11,16,31,36,38,2
07,4,2021,14,16,17,30,39,2
07,3,2021,2,14,15,22,27,12
07,2,2021,15,17,27,36,39,18
07,1,2021,3,13,22,27,35,31
06,30,2021,6,11,21,22,35,29
06,29,2021,2,22,25,30,39,13
06,28,2021,5,6,13,27,30,4
06,27,2021,9,11,23,36,37,20
06,26,2021,3,17,18,27,28,31
06,25,2021,1,11,26,32,37,34
06,24,2021,9,20,21,27,39,5
06,23,2021,6,10,18,27,33,19
06,22,2021,6,28,30,34,35,11
06,21,2021,2,6,19,26,37,10
06,20,2021,2,12,26,32,39,37
06,19,2021,11,15,17,19,32,26
06,18,2021,9,16,22,27,39,10
06,17,2021,17,21,26,28,32,7
06,16,2021,8,9,35,37,39,11
06,15,2021,1,10,33,36,38,37
06,14,2021,2,4,20,22,24,9
06,13,2021,14,16,24,31,37,30
06,12,2021,4,13,16,18,33,21
06,11,2021,2,7,14,21,38,13
06,10,2021,16,17,23,28,32,35
06,9,2021,1,2,11,17,39,33
06,8,2021,9,11,12,25,26,31
06,7,2021,2,9,11,20,33,35
06,6,2021,3,5,6,13,30,10
06,5,2021,1,3,28,31,37,26
06,4,2021,11,17,20,31,35,18
06,3,2021,4,14,15,16,18,12
06,2,2021,3,13,17,21,29,38
06,1,2021,10,16,20,30,33,11
05,31,2021,6,14,15,27,36,8
05,30,2021,12,14,20,34,35,39
05,29,2021,9,10,28,33,36,26
05,28,2021,10,20,24,27,28,39
05,27,2021,8,13,17,27,29,38
05,26,2021,9,14,35,36,37,19
05,25,2021,4,9,11,20,24,5
05,24,2021,4,12,14,30,32,20
05,23,2021,5,8,9,18,28,36
05,22,2021,4,15,19,20,30,25
05,21,2021,2,11,15,24,29,36
05,20,2021,11,13,19,35,36,14
05,19,2021,1,6,9,14,21,25
05,18,2021,4,10,25,28,30,39
05,17,2021,4,15,21,38,39,18
05,16,2021,3,9,12,29,35,36
05,15,2021,7,9,14,26,32,38
05,14,2021,1,6,7,11,37,33
05,13,2021,15,22,24,25,39,9
05,12,2021,3,16,24,34,36,2
05,11,2021,4,11,15,35,36,24
05,10,2021,11,23,28,37,39,12
05,9,2021,2,3,11,35,36,18
05,8,2021,2,7,8,13,25,21
05,7,2021,12,23,29,32,33,14
05,6,2021,2,4,11,14,18,33
05,5,2021,2,5,11,12,26,30
05,4,2021,3,12,18,21,29,22
05,3,2021,2,3,24,29,30,22
05,2,2021,1,5,6,12,26,7
05,1,2021,6,9,15,26,39,17
04,30,2021,8,12,28,29,31,4
04,29,2021,3,4,14,21,36,18
04,28,2021,17,22,29,36,37,16
04,27,2021,4,18,32,37,39,24
04,26,2021,9,16,17,24,37,18
04,25,2021,10,12,17,22,32,3
04,24,2021,7,22,25,26,30,3
04,23,2021,8,11,25,37,38,20
04,22,2021,11,16,24,34,37,20
04,21,2021,9,13,22,23,27,32
04,20,2021,3,11,14,20,26,9
04,19,2021,6,9,22,27,31,38
04,18,2021,2,22,24,26,30,13
04,17,2021,8,9,13,26,29,3
04,16,2021,3,6,18,37,38,2
04,15,2021,16,20,31,34,39,2
04,14,2021,2,4,30,32,36,28
04,13,2021,5,7,11,14,16,2
04,12,2021,15,19,24,32,36,37
04,11,2021,7,13,15,18,24,6
04,10,2021,4,8,11,25,39,12
04,9,2021,3,8,14,17,18,39
04,8,2021,2,3,20,33,39,7
04,7,2021,5,6,12,19,38,32
04,6,2021,23,24,28,29,30,8
04,5,2021,5,13,31,36,37,19
04,4,2021,10,16,17,33,35,25
04,3,2021,3,8,11,22,28,9
04,2,2021,9,19,22,33,34,36
04,1,2021,2,15,24,32,36,16
02,31,2021,20,22,34,35,39,36
02,30,2021,10,14,16,22,35,32
02,29,2021,8,10,12,23,25,1
02,28,2021,4,5,6,30,35,12
02,27,2021,1,5,16,18,31,39
02,26,2021,30,33,34,36,38,7
02,25,2021,5,8,14,22,29,20
02,24,2021,1,11,13,22,27,2
02,23,2021,6,22,28,35,36,14
02,22,2021,1,15,28,35,36,9
02,21,2021,5,7,11,27,36,13
02,20,2021,1,14,19,27,28,12
02,19,2021,3,14,26,29,34,30
02,18,2021,9,20,26,27,34,17
02,17,2021,8,20,26,31,38,2
02,16,2021,8,20,26,31,38,12
02,15,2021,1,8,25,34,38,13
02,14,2021,8,21,32,33,38,17
02,13,2021,2,10,13,22,36,14
02,12,2021,2,13,14,33,39,1
02,11,2021,7,12,28,35,38,39
02,10,2021,2,9,14,27,37,31
02,9,2021,10,12,30,34,37,18
02,8,2021,6,14,16,20,33,13
02,7,2021,6,13,17,25,35,16
02,6,2021,2,10,24,25,33,20
02,5,2021,3,12,18,27,38,7
02,4,2021,2,3,13,23,37,35
02,3,2021,11,19,21,30,37,34
02,2,2021,1,3,16,17,29,22
02,1,2021,5,10,13,33,39,24
02,28,2021,8,11,20,25,37,6
02,27,2021,9,11,26,34,36,37
02,26,2021,3,8,18,24,39,14
02,25,2021,3,5,26,29,39,15
02,24,2021,5,13,17,24,32,19
02,23,2021,10,12,24,36,37,28
02,22,2021,1,3,8,21,36,9
02,21,2021,4,15,18,35,36,29
02,20,2021,5,11,18,26,28,6
02,19,2021,3,8,24,29,34,23
02,18,2021,4,9,21,23,36,12
02,17,2021,3,8,15,24,34,29
02,16,2021,2,7,12,14,38,25
02,15,2021,4,12,22,38,39,25
02,14,2021,5,8,22,29,35,20
02,13,2021,6,12,13,20,39,8
02,12,2021,12,15,16,18,37,8
02,11,2021,3,16,20,27,38,7
02,10,2021,13,22,23,25,36,19
02,9,2021,17,28,29,34,36,8
02,8,2021,2,18,20,36,39,27
02,7,2021,5,11,14,18,37,26
02,6,2021,3,4,15,23,25,35
02,5,2021,12,13,14,18,26,16
02,4,2021,2,11,17,20,36,4
02,3,2021,1,5,8,23,24,3
02,2,2021,11,18,19,25,34,15
02,1,2021,9,13,26,28,35,14
01,31,2021,1,8,25,29,31,4
01,30,2021,2,4,10,29,36,5
01,29,2021,5,7,11,25,38,14
01,28,2021,4,12,14,15,18,17
01,27,2021,5,9,10,15,26,12
01,26,2021,3,13,29,32,39,8
01,25,2021,1,4,9,33,38,21
01,24,2021,1,10,14,23,32,12
01,23,2021,6,7,18,26,34,21
01,22,2021,2,9,25,26,34,24
01,21,2021,2,4,14,18,37,13
01,20,2021,9,14,20,35,38,39
01,19,2021,4,22,25,33,36,38
01,18,2021,7,22,29,35,36,13
01,17,2021,5,12,23,32,34,1
01,16,2021,8,15,28,29,36,14
01,15,2021,5,13,27,31,39,35
01,14,2021,2,15,24,27,33,29
01,13,2021,1,6,29,30,33,7
01,12,2021,5,8,22,30,35,18
01,11,2021,1,4,20,26,33,14
01,10,2021,8,18,22,31,39,9
01,9,2021,1,14,27,36,39,10
01,8,2021,2,12,15,28,29,17
01,7,2021,10,14,18,21,25,29
01,6,2021,5,12,26,30,34,11
01,5,2021,1,2,30,33,35,10
01,4,2021,3,4,6,33,37,36
01,3,2021,12,19,20,26,38,14
01,2,2021,1,11,23,28,31,19
01,1,2021,7,13,27,28,29,4
12,31,2020,4,31,32,34,35,18
12,30,2020,5,6,11,13,15,36
12,29,2020,5,16,19,22,26,32
12,28,2020,1,11,28,32,37,8
12,27,2020,2,3,11,24,39,21
12,26,2020,13,14,16,19,32,38
12,25,2020,15,16,27,36,37,24
12,24,2020,6,20,32,33,38,39
12,23,2020,4,12,16,24,33,25
12,22,2020,3,13,16,18,31,22
12,21,2020,12,14,23,27,38,6
12,20,2020,9,13,20,28,37,33
12,19,2020,14,19,21,25,38,27
12,18,2020,2,9,14,24,27,30
12,17,2020,1,33,34,36,37,29
12,16,2020,3,6,8,13,31,17
12,15,2020,3,6,27,34,37,7
12,14,2020,12,13,23,35,38,7
12,13,2020,12,16,17,20,36,21
12,12,2020,8,12,21,31,33,35
12,11,2020,8,13,31,34,37,16
12,10,2020,10,11,16,18,29,35
12,9,2020,2,15,16,17,30,1
12,8,2020,15,16,22,24,26,29
12,7,2020,22,26,30,33,35,6
12,6,2020,14,22,27,29,38,39
12,5,2020,1,4,10,12,39,22
12,4,2020,10,12,18,19,29,39
12,3,2020,1,2,14,21,30,38
12,2,2020,1,8,20,21,23,15
12,1,2020,4,8,32,33,35,1
11,30,2020,6,7,18,24,29,36
11,29,2020,1,7,8,11,26,4
11,28,2020,1,18,29,30,39,4
11,27,2020,9,19,27,31,39,34
11,26,2020,9,14,23,25,30,33
11,25,2020,1,8,15,17,19,36
11,24,2020,3,12,15,22,32,31
11,23,2020,1,10,24,34,35,31
11,22,2020,19,20,28,33,37,31
11,21,2020,1,14,15,18,28,25
11,20,2020,13,21,27,28,31,26
11,19,2020,5,6,14,29,35,27
11,18,2020,6,17,20,21,22,27
11,17,2020,9,14,15,24,25,10
11,16,2020,1,14,18,26,34,3
11,15,2020,10,11,20,23,38,21
11,14,2020,13,29,30,33,34,9
11,13,2020,2,18,21,24,25,5
11,12,2020,1,5,14,22,31,12
11,11,2020,15,16,27,31,32,23
11,10,2020,3,21,26,29,39,6
11,9,2020,8,16,24,29,37,6
11,8,2020,5,6,13,34,38,24
11,7,2020,21,22,29,30,37,5
11,6,2020,1,2,16,26,29,20
11,5,2020,8,17,27,28,38,22
11,4,2020,1,4,14,26,33,10
11,3,2020,8,11,15,16,17,3
11,2,2020,27,30,34,36,39,4
11,1,2020,8,11,23,26,32,1
10,31,2020,9,13,24,27,39,5
10,30,2020,12,19,27,30,31,24
10,29,2020,12,18,29,30,38,37
10,28,2020,4,19,25,29,36,16
10,27,2020,12,14,30,33,36,6
10,26,2020,4,9,16,31,34,15
10,25,2020,9,11,13,22,33,14
10,24,2020,10,23,28,33,39,5
10,23,2020,1,16,17,20,34,7
10,22,2020,19,22,31,33,34,24
10,21,2020,13,25,29,30,31,26
10,20,2020,5,17,21,25,34,19
10,19,2020,8,14,19,24,34,27
10,18,2020,10,23,25,30,37,8
10,17,2020,1,22,23,26,30,16
10,16,2020,4,14,24,28,37,22
10,15,2020,9,12,15,24,31,14
10,14,2020,3,5,9,18,19,12
10,13,2020,20,21,25,29,36,14
10,12,2020,3,5,7,29,39,20
10,11,2020,9,13,25,26,34,39
10,10,2020,5,9,16,38,39,10
10,9,2020,2,10,13,14,38,30
10,8,2020,4,14,34,36,38,37
10,7,2020,18,21,25,33,34,11
10,6,2020,3,4,12,13,20,34
10,5,2020,5,8,16,30,39,32
10,4,2020,1,8,10,16,22,33
10,3,2020,4,14,23,26,32,24
10,2,2020,2,12,25,31,35,4
10,1,2020,15,16,20,24,34,33
09,30,2020,1,4,15,21,35,10
09,29,2020,5,6,14,21,24,38
09,28,2020,3,14,21,24,31,36
09,27,2020,7,15,17,26,29,12
09,26,2020,4,9,10,29,36,1
09,25,2020,9,19,23,35,38,18
09,24,2020,2,3,4,15,19,21
09,23,2020,6,10,22,26,39,20
09,22,2020,14,15,17,23,34,6
09,21,2020,9,12,15,30,33,23
09,20,2020,4,16,17,18,22,33
09,19,2020,1,17,24,34,36,7
09,18,2020,15,20,21,27,32,6
09,17,2020,1,23,26,32,34,15
09,16,2020,2,9,12,22,28,27
09,15,2020,4,7,15,24,36,32
09,14,2020,4,31,34,35,36,16
09,13,2020,9,14,25,28,29,15
09,12,2020,15,16,17,19,32,18
09,11,2020,2,5,19,30,33,23
09,10,2020,8,16,19,25,34,37
09,9,2020,2,9,13,23,29,8
09,8,2020,16,29,31,32,39,8
09,7,2020,1,11,15,18,26,7
09,6,2020,8,14,15,19,28,4
09,5,2020,1,3,9,20,31,24
09,4,2020,3,7,8,13,33,34
09,3,2020,10,16,20,30,36,31
09,2,2020,1,10,25,26,28,22
09,1,2020,11,13,16,22,36,5
08,31,2020,6,8,18,25,38,12
08,30,2020,5,25,27,38,39,9
08,29,2020,2,4,5,24,26,23
08,28,2020,6,10,13,18,34,26
08,27,2020,7,12,26,30,38,28
08,26,2020,12,15,32,36,38,3
08,25,2020,11,22,24,29,30,7
08,24,2020,17,25,29,37,39,19
08,23,2020,1,31,33,38,39,19
08,22,2020,23,28,30,33,34,1
08,21,2020,21,30,37,38,39,28
08,20,2020,2,4,7,17,21,36
08,19,2020,8,12,15,20,33,4
08,18,2020,18,20,23,27,33,10
08,17,2020,23,28,33,34,36,20
08,16,2020,5,8,11,19,24,39
08,15,2020,5,10,15,18,34,17
08,14,2020,14,20,22,28,29,6
08,13,2020,2,6,29,35,39,23
08,12,2020,6,11,13,15,19,4
08,11,2020,4,5,8,20,25,12
08,10,2020,3,22,29,33,38,31
08,9,2020,9,27,28,29,34,21
08,8,2020,23,25,27,28,33,11
08,7,2020,10,19,28,29,37,3
08,6,2020,1,11,12,13,36,10
08,5,2020,6,10,23,37,39,34
08,4,2020,18,20,32,33,34,16
08,3,2020,2,6,32,35,37,13
08,2,2020,5,12,16,22,33,17
08,1,2020,6,15,24,31,38,30
07,31,2020,3,4,11,19,21,36
07,30,2020,1,5,8,10,15,12
07,29,2020,9,12,22,23,32,38
07,28,2020,24,29,30,32,36,39
07,27,2020,13,15,24,29,34,21
07,26,2020,16,25,28,30,38,9
07,25,2020,1,14,18,23,27,10
07,24,2020,5,10,12,20,28,3
07,23,2020,16,19,20,24,37,32
07,22,2020,1,12,25,26,30,32
07,21,2020,8,22,27,37,39,32
07,20,2020,18,20,23,30,32,4
07,19,2020,6,7,12,17,28,32
07,18,2020,1,9,23,33,34,25
07,17,2020,3,11,14,32,33,8
07,16,2020,2,6,9,34,37,5
07,15,2020,4,5,9,25,32,12
07,14,2020,9,14,16,21,22,25
07,13,2020,15,19,23,25,28,13
07,12,2020,12,14,15,16,20,29
07,11,2020,12,25,30,34,38,10
07,10,2020,4,14,17,20,35,33
07,9,2020,4,11,19,26,36,16
07,8,2020,7,9,12,17,26,29
07,7,2020,3,7,11,24,28,26
07,6,2020,16,20,27,34,35,26
07,5,2020,6,9,14,16,21,15
07,4,2020,1,10,15,21,36,6
07,3,2020,3,14,20,23,37,35
07,2,2020,9,13,29,33,34,6
07,1,2020,6,13,17,26,31,3
06,30,2020,3,5,18,24,36,2
06,29,2020,8,12,13,19,39,7
06,28,2020,1,16,17,22,34,33
06,27,2020,16,27,28,33,37,21
06,26,2020,3,10,11,12,35,37
06,25,2020,16,18,24,29,36,5
06,24,2020,5,16,19,33,39,20
06,23,2020,3,6,19,25,26,33
06,22,2020,5,8,14,34,39,16
06,21,2020,15,18,23,28,33,19
06,20,2020,1,5,7,17,22,39
06,19,2020,21,22,24,26,37,8
06,18,2020,6,9,20,25,29,7
06,17,2020,8,27,30,32,39,34
06,16,2020,15,17,23,29,39,3
06,15,2020,2,4,7,9,15,38
06,14,2020,5,6,14,15,37,33
06,13,2020,13,21,23,25,30,36
06,12,2020,2,9,11,13,17,25
06,11,2020,1,11,20,21,32,39
06,10,2020,1,14,18,19,32,13
06,9,2020,2,5,6,8,31,32
06,8,2020,4,13,19,20,26,12
06,7,2020,3,19,24,36,39,15
06,6,2020,3,9,13,18,20,7
06,5,2020,11,13,16,23,38,22
06,4,2020,2,17,23,36,39,34
06,3,2020,1,6,22,30,36,9
06,2,2020,3,22,25,29,34,5
06,1,2020,8,20,25,28,35,16
05,31,2020,8,11,13,19,37,34
05,30,2020,11,14,20,31,34,36
05,29,2020,11,18,21,24,28,20
05,28,2020,3,8,29,32,38,6
05,27,2020,4,7,13,14,28,31
05,26,2020,10,17,26,28,36,8
05,25,2020,11,16,26,32,34,4
05,24,2020,24,26,31,35,36,6
05,23,2020,1,11,28,30,33,36
05,22,2020,10,16,18,31,39,11
05,21,2020,6,12,16,17,19,29
05,20,2020,4,15,24,26,29,19
05,19,2020,17,24,30,34,35,22
05,18,2020,6,25,30,34,38,23
05,17,2020,10,13,16,18,35,39
05,16,2020,8,10,12,23,33,36
05,15,2020,17,23,32,38,39,33
05,14,2020,2,8,15,21,23,6
05,13,2020,2,13,18,20,38,32
05,12,2020,12,13,29,30,36,9
05,11,2020,12,22,29,35,37,20
05,10,2020,3,10,14,38,39,19
05,9,2020,1,7,21,25,36,29
05,8,2020,18,24,28,33,35,30
05,7,2020,5,11,16,26,35,25
05,6,2020,1,12,27,29,32,31
05,5,2020,15,17,26,28,30,38
05,4,2020,5,12,19,24,26,15
05,3,2020,8,13,18,26,27,11
05,2,2020,1,4,8,22,28,2
05,1,2020,1,3,7,19,23,26
04,30,2020,2,4,7,12,34,1
04,29,2020,13,17,18,24,36,23
04,28,2020,2,9,31,33,34,4
04,27,2020,18,22,29,35,39,17
04,26,2020,10,11,13,28,32,34
04,25,2020,13,21,22,26,27,8
04,24,2020,10,14,25,33,34,4
04,23,2020,3,5,8,9,37,27
04,22,2020,23,30,32,36,37,25
04,21,2020,21,26,33,34,38,24
04,20,2020,18,26,28,29,31,33
04,19,2020,2,6,8,25,37,12
04,18,2020,5,20,30,32,34,27
04,17,2020,2,13,16,18,27,14
04,16,2020,1,8,10,19,30,26
04,15,2020,21,25,32,36,37,7
04,14,2020,6,13,19,30,35,28
04,13,2020,12,14,21,29,34,16
04,12,2020,6,17,25,33,39,5
04,11,2020,3,28,34,37,39,1
04,10,2020,9,15,28,31,39,23
04,9,2020,5,12,19,22,34,36
04,8,2020,12,13,29,30,32,25
04,7,2020,14,15,26,33,35,28
04,6,2020,9,10,14,20,28,29
04,5,2020,3,5,13,20,28,22
04,4,2020,5,10,24,26,31,12
04,3,2020,12,25,27,29,38,4
04,2,2020,12,16,18,20,24,19
04,1,2020,23,25,31,32,33,10
02,31,2020,7,19,20,21,28,33
02,30,2020,11,15,22,27,38,30
02,29,2020,1,12,21,29,39,25
02,28,2020,12,29,31,33,34,35
02,27,2020,5,17,32,38,39,22
02,26,2020,2,9,15,26,39,13
02,25,2020,3,13,18,26,35,39
02,24,2020,1,11,14,30,35,34
02,23,2020,2,4,12,16,30,29
02,22,2020,1,9,23,29,36,38
02,21,2020,1,3,12,31,33,21
02,20,2020,1,15,24,28,38,18
02,19,2020,7,11,13,17,35,9
02,18,2020,4,10,20,27,39,24
02,17,2020,4,18,28,32,37,20
02,16,2020,1,7,19,21,27,8
02,15,2020,4,5,20,37,38,12
02,14,2020,2,3,18,22,37,34
02,13,2020,4,13,19,29,30,38
02,12,2020,3,5,15,21,29,6
02,11,2020,20,22,25,28,39,26
02,10,2020,2,8,11,29,36,16
02,9,2020,2,12,26,28,39,3
02,8,2020,9,11,18,32,39,29
02,7,2020,8,10,14,17,23,19
02,6,2020,23,27,29,30,32,2
02,5,2020,1,13,21,28,31,32
02,4,2020,6,13,17,27,39,18
02,3,2020,13,17,20,25,38,18
02,2,2020,9,15,17,22,39,1
02,1,2020,1,15,31,32,33,26
02,29,2020,3,10,14,37,39,15
02,28,2020,5,10,20,36,39,37
02,27,2020,6,12,18,33,36,25
02,26,2020,6,7,19,20,31,39
02,25,2020,3,10,13,18,37,5
02,24,2020,20,24,26,29,36,11
02,23,2020,7,9,24,34,38,22
02,22,2020,2,16,20,24,39,37
02,21,2020,3,15,21,33,36,29
02,20,2020,18,28,29,35,38,1
02,19,2020,1,16,26,28,30,6
02,18,2020,2,21,22,29,37,8
02,17,2020,2,5,18,23,32,21
02,16,2020,13,14,36,37,39,23
02,15,2020,1,19,25,26,27,34
02,14,2020,6,13,19,33,35,23
02,13,2020,6,20,21,22,34,29
02,12,2020,11,26,27,32,34,8
02,11,2020,2,22,24,27,32,21
02,10,2020,1,21,23,25,36,32
02,9,2020,2,21,27,28,31,12
02,8,2020,6,9,14,16,31,25
02,7,2020,1,22,30,35,37,39
02,6,2020,8,14,16,25,33,22
02,5,2020,5,24,32,33,36,29
02,4,2020,4,11,22,28,36,16
02,3,2020,29,30,33,37,38,4
02,2,2020,2,4,8,20,31,36
02,1,2020,7,14,24,31,33,35
01,31,2020,1,19,24,32,37,22
01,30,2020,10,26,28,29,37,19
01,29,2020,9,29,34,37,38,20
01,28,2020,1,11,13,18,20,32
01,27,2020,4,11,12,13,30,14
01,26,2020,4,19,20,32,35,1
01,25,2020,6,11,12,14,29,4
01,24,2020,2,8,14,25,32,36
01,23,2020,6,9,14,16,30,28
01,22,2020,5,12,21,35,36,6
01,21,2020,4,6,14,15,36,17
01,20,2020,1,3,13,36,38,11
01,19,2020,6,8,16,32,38,31
01,18,2020,1,10,15,28,31,16
01,17,2020,4,13,15,20,33,36
01,16,2020,1,3,12,15,30,33
01,15,2020,8,13,15,21,25,33
01,14,2020,2,10,22,24,39,21
01,13,2020,2,11,30,32,37,27
01,12,2020,12,17,22,24,38,35
01,11,2020,6,11,31,36,38,30
01,10,2020,1,21,22,24,35,25
01,9,2020,3,24,25,27,35,23
01,8,2020,5,9,17,31,35,32
01,7,2020,1,9,12,31,36,7
01,6,2020,4,13,23,24,36,21
01,5,2020,4,9,19,28,29,12
01,4,2020,1,4,19,22,31,2
01,3,2020,8,14,20,23,36,9
01,2,2020,1,8,18,27,29,10
01,1,2020,3,10,18,36,38,25