month,day,year,position01,position02,position03
04,9,2024,4,3,2,0
04,8,2024,5,6,5,7
04,7,2024,4,0,0,1
04,6,2024,1,7,4,8
04,5,2024,4,9,0,2
04,4,2024,2,0,5,8
04,3,2024,7,8,4,2
04,2,2024,8,9,6,5
04,1,2024,7,5,1,2
02,31,2024,9,7,6,2
02,30,2024,0,7,5,6
02,29,2024,9,8,2,4
02,28,2024,3,8,3,4
02,27,2024,3,8,8,9
02,26,2024,4,8,8,4
02,25,2024,8,6,6,1
02,24,2024,5,3,9,4
02,23,2024,2,7,5,1
02,22,2024,2,3,8,8
02,21,2024,1,1,0,9
02,20,2024,3,6,3,6
02,19,2024,1,0,6,3
02,18,2024,3,3,7,4
02,17,2024,3,8,7,3
02,16,2024,9,5,2,2
02,15,2024,9,3,4,8
02,14,2024,5,9,7,2
02,13,2024,1,3,7,9
02,12,2024,4,8,3,0
02,11,2024,9,7,1,8
02,10,2024,1,3,2,8
02,9,2024,8,3,1,8
02,8,2024,2,1,8,1
02,7,2024,1,3,6,6
02,6,2024,5,9,8,7
02,5,2024,7,4,0,8
02,4,2024,2,4,1,1
02,3,2024,6,6,6,3
02,2,2024,7,0,2,0
02,1,2024,8,2,6,3
02,29,2024,4,3,8,2
02,28,2024,4,2,8,6
02,27,2024,6,9,4,5
02,26,2024,7,5,7,6
02,25,2024,6,8,7,9
02,24,2024,1,6,0,1
02,23,2024,4,8,1,2
02,22,2024,3,8,3,0
02,21,2024,1,7,9,6
02,20,2024,7,8,2,9
02,19,2024,2,3,5,7
02,18,2024,3,9,3,4
02,17,2024,1,8,0,7
02,16,2024,3,6,9,6
02,15,2024,6,3,5,1
02,14,2024,6,1,7,4
02,13,2024,4,7,6,7
02,12,2024,9,3,5,1
02,11,2024,4,8,5,9
02,10,2024,7,4,4,0
02,9,2024,7,9,9,7
02,8,2024,6,7,0,5
02,7,2024,6,0,2,6
02,6,2024,3,8,9,7
02,5,2024,2,5,3,8
02,4,2024,5,8,5,3
02,3,2024,5,6,2,4
02,2,2024,1,1,7,3
02,1,2024,1,6,1,7
01,31,2024,1,1,0,5
01,30,2024,9,1,7,9
01,29,2024,4,8,5,3
01,28,2024,2,6,7,2
01,27,2024,6,8,8,3
01,26,2024,7,2,3,8
01,25,2024,3,7,6,4
01,24,2024,6,1,8,9
01,23,2024,4,1,1,5
01,22,2024,0,9,7,0
01,21,2024,9,2,4,4
01,20,2024,8,6,3,7
01,19,2024,8,3,5,7
01,18,2024,0,7,0,0
01,17,2024,7,9,1,4
01,16,2024,6,6,9,7
01,15,2024,6,4,6,0
01,14,2024,7,9,5,9
01,13,2024,7,6,7,2
01,12,2024,8,3,4,7
01,11,2024,4,4,8,2
01,10,2024,3,0,0,2
01,9,2024,4,4,8,3
01,8,2024,6,7,8,8
01,7,2024,2,1,7,6
01,6,2024,9,8,9,0
01,5,2024,4,7,0,3
01,4,2024,6,9,5,9
01,3,2024,5,4,0,5
01,2,2024,4,1,0,6
01,1,2024,9,0,3,1
12,31,2023,0,7,0,6
12,30,2023,0,3,7,3
12,29,2023,3,8,1,7
12,28,2023,2,7,1,6
12,27,2023,3,9,9,4
12,26,2023,4,3,1,0
12,25,2023,4,4,3,8
12,24,2023,3,4,6,0
12,23,2023,8,7,8,9
12,22,2023,8,7,0,0
12,21,2023,3,5,7,8
12,20,2023,5,5,0,3
12,19,2023,1,3,2,5
12,18,2023,4,4,5,8
12,17,2023,2,4,1,3
12,16,2023,2,8,0,1
12,15,2023,4,5,7,2
12,14,2023,7,8,4,9
12,13,2023,5,3,8,6
12,12,2023,2,6,2,7
12,11,2023,1,6,2,1
12,10,2023,3,2,6,6
12,9,2023,8,2,4,9
12,8,2023,6,0,7,7
12,7,2023,8,0,5,5
12,6,2023,3,8,6,6
12,5,2023,2,9,0,4
12,4,2023,6,9,7,7
12,3,2023,2,7,8,6
12,2,2023,8,6,7,2
12,1,2023,9,5,4,5
11,30,2023,8,8,2,6
11,29,2023,3,1,7,6
11,28,2023,6,4,2,1
11,27,2023,9,9,9,5
11,26,2023,9,6,2,8
11,25,2023,1,7,0,3
11,24,2023,9,1,8,5
11,23,2023,8,8,8,5
11,22,2023,6,8,7,1
11,21,2023,2,2,2,7
11,20,2023,7,4,0,3
11,19,2023,1,6,6,4
11,18,2023,5,5,0,1
11,17,2023,0,9,0,4
11,16,2023,8,9,7,0
11,15,2023,0,6,1,0
11,14,2023,9,2,2,5
11,13,2023,0,6,6,9
11,12,2023,3,4,6,2
11,11,2023,9,0,0,2
11,10,2023,0,0,5,1
11,9,2023,8,6,4,2
11,8,2023,1,3,1,5
11,7,2023,2,5,9,0
11,6,2023,4,0,4,3
11,5,2023,5,4,2,0
11,4,2023,0,2,1,3
11,3,2023,3,3,5,8
11,2,2023,7,7,6,5
11,1,2023,7,5,0,4
10,31,2023,2,8,1,8
10,30,2023,9,8,9,8
10,29,2023,3,0,4,1
10,28,2023,8,9,9,9
10,27,2023,1,0,6,9
10,26,2023,2,8,8,3
10,25,2023,0,4,2,0
10,24,2023,2,9,5,7
10,23,2023,7,2,1,1
10,22,2023,5,5,2,8
10,21,2023,0,2,1,7
10,20,2023,7,0,0,1
10,19,2023,2,4,4,8
10,18,2023,7,9,0,5
10,17,2023,6,5,2,8
10,16,2023,2,1,2,6
10,15,2023,4,0,4,5
10,14,2023,1,6,8,8
10,13,2023,7,5,7,0
10,12,2023,9,9,7,0
10,11,2023,5,8,4,3
10,10,2023,1,6,9,1
10,9,2023,2,8,2,9
10,8,2023,4,8,5,4
10,7,2023,8,2,5,1
10,6,2023,9,5,3,0
10,5,2023,8,4,6,8
10,4,2023,3,7,6,7
10,3,2023,1,0,1,2
10,2,2023,1,1,6,2
10,1,2023,5,9,5,8
09,30,2023,8,1,1,1
09,29,2023,3,6,7,6
09,28,2023,9,7,2,2
09,27,2023,1,0,2,1
09,26,2023,6,1,5,1
09,25,2023,5,6,5,5
09,24,2023,7,8,0,2
09,23,2023,4,3,6,9
09,22,2023,2,2,4,0
09,21,2023,6,4,7,0
09,20,2023,3,9,1,1
09,19,2023,3,8,7,6
09,18,2023,3,5,4,8
09,17,2023,2,9,9,8
09,16,2023,0,5,3,7
09,15,2023,5,0,0,8
09,14,2023,3,1,0,0
09,13,2023,8,1,1,2
09,12,2023,3,7,5,2
09,11,2023,4,1,8,8
09,10,2023,2,0,6,9
09,9,2023,1,1,6,6
09,8,2023,9,6,1,7
09,7,2023,3,3,4,0
09,6,2023,7,5,3,9
09,5,2023,0,1,0,7
09,4,2023,7,4,2,8
09,3,2023,8,0,9,6
09,2,2023,8,3,2,6
09,1,2023,9,3,0,7
08,31,2023,8,3,4,8
08,30,2023,2,4,3,1
08,29,2023,8,4,8,5
08,28,2023,8,9,3,5
08,27,2023,8,7,2,4
08,26,2023,5,2,0,9
08,25,2023,3,3,2,6
08,24,2023,1,6,2,6
08,23,2023,6,8,3,5
08,22,2023,0,3,7,2
08,21,2023,3,4,4,3
08,20,2023,2,2,2,5
08,19,2023,9,1,9,3
08,18,2023,5,3,2,8
08,17,2023,8,5,7,6
08,16,2023,3,9,5,9
08,15,2023,3,8,7,9
08,14,2023,0,4,9,2
08,13,2023,2,6,3,6
08,12,2023,7,0,7,7
08,11,2023,9,1,3,2
08,10,2023,4,5,6,2
08,9,2023,9,4,7,2
08,8,2023,3,6,5,5
08,7,2023,0,9,6,5
08,6,2023,3,1,1,6
08,5,2023,3,1,2,0
08,4,2023,2,9,2,4
08,3,2023,4,8,7,3
08,2,2023,5,4,4,3
08,1,2023,0,6,3,6
07,31,2023,0,5,0,3
07,30,2023,3,5,8,7
07,29,2023,4,1,7,0
07,28,2023,2,9,0,4
07,27,2023,6,6,8,3
07,26,2023,7,8,3,0
07,25,2023,3,6,7,7
07,24,2023,8,8,7,1
07,23,2023,5,2,2,9
07,22,2023,2,1,4,2
07,21,2023,0,6,0,1
07,20,2023,6,5,3,3
07,19,2023,4,1,4,2
07,18,2023,2,2,3,4
07,17,2023,4,4,1,1
07,16,2023,4,7,9,0
07,15,2023,7,7,0,8
07,14,2023,9,1,0,1
07,13,2023,1,7,4,5
07,12,2023,5,7,3,6
07,11,2023,5,5,3,7
07,10,2023,8,8,0,4
07,9,2023,9,1,6,0
07,8,2023,1,9,0,4
07,7,2023,9,0,7,4
07,6,2023,6,8,7,8
07,5,2023,8,3,9,3
07,4,2023,6,6,4,7
07,3,2023,4,5,6,0
07,2,2023,1,1,0,0
07,1,2023,0,9,0,7
06,30,2023,3,7,5,9
06,29,2023,2,4,2,9
06,28,2023,0,3,8,1
06,27,2023,0,2,4,1
06,26,2023,2,4,1,2
06,25,2023,5,3,6,5
06,24,2023,5,3,3,0
06,23,2023,1,1,5,1
06,22,2023,9,0,8,9
06,21,2023,6,4,1,5
06,20,2023,3,6,4,3
06,19,2023,0,1,0,3
06,18,2023,1,0,5,1
06,17,2023,2,9,7,2
06,16,2023,0,6,0,0
06,15,2023,0,5,4,3
06,14,2023,2,4,3,5
06,13,2023,5,7,7,8
06,12,2023,7,5,3,2
06,11,2023,8,9,5,6
06,10,2023,4,9,7,7
06,9,2023,6,1,7,6
06,8,2023,0,0,8,6
06,7,2023,0,5,3,2
06,6,2023,4,5,6,1
06,5,2023,0,5,9,5
06,4,2023,2,8,5,2
06,3,2023,7,8,0,5
06,2,2023,1,4,6,7
06,1,2023,9,3,4,4
05,31,2023,6,1,9,2
05,30,2023,2,9,9,4
05,29,2023,3,2,0,3
05,28,2023,2,2,1,4
05,27,2023,6,8,3,0
05,26,2023,1,7,4,9
05,25,2023,2,4,2,2
05,24,2023,6,5,3,1
05,23,2023,4,9,9,2
05,22,2023,6,3,5,0
05,21,2023,3,6,3,2
05,20,2023,8,4,8,1
05,19,2023,6,9,3,9
05,18,2023,6,2,3,3
05,17,2023,1,8,0,3
05,16,2023,9,1,7,7
05,15,2023,6,4,8,3
05,14,2023,9,8,0,4
05,13,2023,1,1,1,2
05,12,2023,1,1,1,2
05,11,2023,6,1,9,0
05,10,2023,7,0,3,6
05,9,2023,4,2,2,8
05,8,2023,4,0,0,7
05,7,2023,7,3,8,9
05,6,2023,8,1,2,8
05,5,2023,4,6,2,0
05,4,2023,6,7,4,2
05,3,2023,4,4,5,7
05,2,2023,2,9,4,8
05,1,2023,6,0,7,3
04,30,2023,1,8,4,9
04,29,2023,4,2,2,8
04,28,2023,2,0,0,9
04,27,2023,3,2,5,7
04,26,2023,7,0,7,7
04,25,2023,3,3,5,6
04,24,2023,6,1,5,6
04,23,2023,9,4,7,4
04,22,2023,6,0,7,2
04,21,2023,2,5,6,7
04,20,2023,3,0,0,0
04,19,2023,3,6,1,5
04,18,2023,1,6,9,6
04,17,2023,5,7,7,9
04,16,2023,7,7,0,5
04,15,2023,2,4,3,9
04,14,2023,8,2,8,3
04,13,2023,1,5,8,4
04,12,2023,1,1,5,0
04,11,2023,9,7,4,1
04,10,2023,9,6,5,6
04,9,2023,6,7,9,0
04,8,2023,0,6,8,8
04,7,2023,9,1,4,8
04,6,2023,5,0,3,2
04,5,2023,7,2,4,5
04,4,2023,6,5,2,3
04,3,2023,6,1,5,2
04,2,2023,7,3,0,6
04,1,2023,2,4,1,9
02,31,2023,0,6,0,0
02,30,2023,5,3,7,1
02,29,2023,8,6,6,1
02,28,2023,0,3,0,9
02,27,2023,8,0,2,1
02,26,2023,4,1,1,9
02,25,2023,5,0,2,2
02,24,2023,3,6,7,7
02,23,2023,1,6,2,8
02,22,2023,8,0,2,1
02,21,2023,1,5,7,6
02,20,2023,3,8,3,1
02,19,2023,0,8,9,0
02,18,2023,6,2,9,7
02,17,2023,9,3,0,4
02,16,2023,9,5,2,3
02,15,2023,3,0,7,6
02,14,2023,3,6,7,4
02,13,2023,8,1,4,9
02,12,2023,6,4,1,2
02,11,2023,5,2,7,2
02,10,2023,7,5,2,9
02,9,2023,7,8,1,8
02,8,2023,9,7,7,3
02,7,2023,4,7,7,2
02,6,2023,5,9,9,6
02,5,2023,3,1,0,8
02,4,2023,8,5,7,0
02,3,2023,6,3,1,3
02,2,2023,9,7,2,1
02,1,2023,8,9,6,2
02,28,2023,0,0,3,6
02,27,2023,2,4,7,8
02,26,2023,8,1,0,2
02,25,2023,2,5,3,1
02,24,2023,0,7,5,3
02,23,2023,1,3,3,1
02,22,2023,4,8,4,5
02,21,2023,9,0,9,0
02,20,2023,9,5,8,0
02,19,2023,8,7,3,8
02,18,2023,1,6,8,4
02,17,2023,0,8,3,3
02,16,2023,3,6,4,4
02,15,2023,7,2,7,7
02,14,2023,8,2,8,2
02,13,2023,5,4,9,5
02,12,2023,4,3,7,0
02,11,2023,4,0,7,3
02,10,2023,3,2,4,0
02,9,2023,0,0,2,7
02,8,2023,8,4,5,1
02,7,2023,6,8,8,4
02,6,2023,0,2,9,0
02,5,2023,9,9,3,9
02,4,2023,9,4,1,1
02,3,2023,4,5,6,2
02,2,2023,9,2,4,7
02,1,2023,9,3,0,7
01,31,2023,2,5,2,9
01,30,2023,3,0,9,7
01,29,2023,6,7,0,3
01,28,2023,9,2,5,2
01,27,2023,4,3,0,2
01,26,2023,2,3,9,9
01,25,2023,1,1,2,9
01,24,2023,9,9,3,0
01,23,2023,7,7,7,7
01,22,2023,4,4,5,2
01,21,2023,7,4,2,5
01,20,2023,3,5,8,0
01,19,2023,2,8,6,2
01,18,2023,9,3,5,6
01,17,2023,7,6,9,7
01,16,2023,5,5,3,3
01,15,2023,8,1,0,9
01,14,2023,9,6,8,1
01,13,2023,1,5,7,9
01,12,2023,8,2,5,1
01,11,2023,3,4,3,4
01,10,2023,3,9,4,8
01,9,2023,0,2,7,1
01,8,2023,4,9,6,0
01,7,2023,4,4,0,4
01,6,2023,3,2,3,1
01,5,2023,8,1,3,8
01,4,2023,3,2,2,8
01,3,2023,0,3,5,1
01,2,2023,6,4,2,6
01,1,2023,8,4,2,4
12,31,2022,1,2,1,3
12,30,2022,7,3,2,5
12,29,2022,2,6,2,8
12,28,2022,6,1,5,2
12,27,2022,8,7,8,8
12,26,2022,8,7,8,5
12,25,2022,9,5,1,0
12,24,2022,3,0,6,8
12,23,2022,3,0,5,1
12,22,2022,9,1,2,0
12,21,2022,5,6,3,0
12,20,2022,4,9,5,6
12,19,2022,7,3,0,1
12,18,2022,5,0,5,7
12,17,2022,0,4,7,5
12,16,2022,4,7,2,9
12,15,2022,7,0,9,7
12,14,2022,2,3,0,7
12,13,2022,2,4,8,8
12,12,2022,4,3,2,6
12,11,2022,4,9,1,7
12,10,2022,0,0,1,7
12,9,2022,8,3,2,8
12,8,2022,6,1,8,8
12,7,2022,9,3,6,8
12,6,2022,8,3,6,4
12,5,2022,1,6,4,0
12,4,2022,7,1,1,5
12,3,2022,4,6,1,4
12,2,2022,8,6,4,1
12,1,2022,9,2,4,8
11,30,2022,6,2,8,3
11,29,2022,6,2,6,1
11,28,2022,1,9,9,8
11,27,2022,8,2,7,1
11,26,2022,3,0,5,9
11,25,2022,6,7,8,9
11,24,2022,0,6,5,7
11,23,2022,0,5,6,7
11,22,2022,5,4,2,0
11,21,2022,2,2,4,2
11,20,2022,0,4,9,5
11,19,2022,8,8,5,6
11,18,2022,2,3,1,6
11,17,2022,4,0,2,3
11,16,2022,4,7,4,7
11,15,2022,5,0,9,1
11,14,2022,8,4,7,8
11,13,2022,9,0,6,9
11,12,2022,9,7,6,3
11,11,2022,3,0,5,6
11,10,2022,0,9,1,1
11,9,2022,2,0,8,2
11,8,2022,7,8,8,1
11,7,2022,1,0,1,8
11,6,2022,1,8,3,7
11,5,2022,5,2,3,6
11,4,2022,6,4,5,7
11,3,2022,0,6,8,7
11,2,2022,1,6,8,6
11,1,2022,2,5,6,2
10,31,2022,9,9,8,7
10,30,2022,5,8,5,8
10,29,2022,8,6,0,5
10,28,2022,2,9,7,2
10,27,2022,4,1,8,9
10,26,2022,9,7,2,6
10,25,2022,1,2,1,7
10,24,2022,7,2,6,4
10,23,2022,4,9,2,3
10,22,2022,6,9,8,5
10,21,2022,3,7,8,7
10,20,2022,5,0,0,5
10,19,2022,5,7,1,0
10,18,2022,7,4,0,3
10,17,2022,8,6,4,9
10,16,2022,3,9,4,5
10,15,2022,2,9,8,2
10,14,2022,0,3,8,0
10,13,2022,6,6,0,8
10,12,2022,2,6,5,3
10,11,2022,8,1,2,3
10,10,2022,0,3,6,2
10,9,2022,1,3,2,2
10,8,2022,5,8,3,3
10,7,2022,1,6,7,6
10,6,2022,2,7,0,8
10,5,2022,8,1,0,3
10,4,2022,7,0,9,7
10,3,2022,5,1,4,3
10,2,2022,9,9,1,7
10,1,2022,7,7,1,2
09,30,2022,3,0,2,7
09,29,2022,9,1,1,1
09,28,2022,1,5,2,3
09,27,2022,9,2,9,0
09,26,2022,5,3,5,2
09,25,2022,4,6,8,8
09,24,2022,5,6,3,4
09,23,2022,3,6,3,5
09,22,2022,7,5,0,8
09,21,2022,1,8,5,3
09,20,2022,6,6,1,6
09,19,2022,6,1,5,4
09,18,2022,7,9,1,1
09,17,2022,5,0,1,1
09,16,2022,8,2,8,8
09,15,2022,7,4,3,2
09,14,2022,5,1,2,2
09,13,2022,4,7,5,9
09,12,2022,9,7,4,8
09,11,2022,0,6,4,7
09,10,2022,2,9,8,8
09,9,2022,5,6,1,5
09,8,2022,4,9,3,0
09,7,2022,5,2,0,9
09,6,2022,4,6,2,6
09,5,2022,2,8,7,6
09,4,2022,3,6,0,0
09,3,2022,8,4,8,9
09,2,2022,8,8,7,2
09,1,2022,5,0,3,7
08,31,2022,3,7,7,5
08,30,2022,3,2,6,0
08,29,2022,3,3,3,6
08,28,2022,7,0,4,4
08,27,2022,8,0,2,2
08,26,2022,9,7,1,1
08,25,2022,5,7,6,6
08,24,2022,1,8,9,3
08,23,2022,1,6,4,0
08,22,2022,7,1,6,4
08,21,2022,9,3,9,7
08,20,2022,1,9,7,6
08,19,2022,7,4,5,7
08,18,2022,0,6,2,5
08,17,2022,1,2,6,5
08,16,2022,2,3,6,3
08,15,2022,9,8,5,8
08,14,2022,6,5,6,9
08,13,2022,2,8,0,8
08,12,2022,8,8,1,6
08,11,2022,6,0,4,1
08,10,2022,0,6,7,7
08,9,2022,6,3,8,8
08,8,2022,4,8,3,4
08,7,2022,8,3,7,7
08,6,2022,8,4,8,1
08,5,2022,2,9,5,1
08,4,2022,4,7,8,1
08,3,2022,6,3,6,8
08,2,2022,6,3,6,2
08,1,2022,6,1,1,6
07,31,2022,6,3,2,1
07,30,2022,6,6,8,1
07,29,2022,0,9,2,8
07,28,2022,7,5,7,6
07,27,2022,1,8,8,4
07,26,2022,0,4,4,7
07,25,2022,5,7,4,3
07,24,2022,3,3,3,9
07,23,2022,5,6,0,9
07,22,2022,9,0,1,2
07,21,2022,8,6,6,6
07,20,2022,7,6,6,3
07,19,2022,3,1,0,0
07,18,2022,8,3,4,0
07,17,2022,1,6,9,5
07,16,2022,1,1,6,9
07,15,2022,2,8,8,2
07,14,2022,6,4,7,5
07,13,2022,8,4,6,2
07,12,2022,2,9,2,4
07,11,2022,8,7,6,6
07,10,2022,5,4,7,3
07,9,2022,3,0,4,2
07,8,2022,6,6,0,2
07,7,2022,4,1,3,6
07,6,2022,4,7,8,1
07,5,2022,2,7,3,3
07,4,2022,2,4,9,9
07,3,2022,8,2,2,1
07,2,2022,8,8,1,8
07,1,2022,4,9,7,4
06,30,2022,5,7,5,4
06,29,2022,6,9,3,3
06,28,2022,2,4,2,3
06,27,2022,8,8,5,1
06,26,2022,7,3,4,6
06,25,2022,5,8,3,7
06,24,2022,8,5,4,2
06,23,2022,1,0,7,4
06,22,2022,2,9,4,4
06,21,2022,5,7,8,4
06,20,2022,6,7,1,6
06,19,2022,1,4,0,3
06,18,2022,9,8,8,9
06,17,2022,6,8,5,6
06,16,2022,5,6,7,4
06,15,2022,1,2,5,7
06,14,2022,5,6,9,0
06,13,2022,2,6,7,4
06,12,2022,8,5,4,4
06,11,2022,5,8,9,1
06,10,2022,5,9,1,0
06,9,2022,5,3,1,5
06,8,2022,1,6,7,1
06,7,2022,9,5,1,2
06,6,2022,6,3,5,8
06,5,2022,2,0,5,2
06,4,2022,9,5,3,1
06,3,2022,8,9,3,4
06,2,2022,6,2,0,3
06,1,2022,1,4,9,5
05,31,2022,4,6,3,9
05,30,2022,9,6,3,2
05,29,2022,5,5,9,8
05,28,2022,4,2,5,6
05,27,2022,8,1,4,6
05,26,2022,3,9,7,6
05,25,2022,5,0,4,8
05,24,2022,2,1,5,1
05,23,2022,2,8,8,7
05,22,2022,8,8,9,7
05,21,2022,6,5,4,9
05,20,2022,8,6,4,1
05,19,2022,0,2,5,9
05,18,2022,1,9,7,9
05,17,2022,2,1,5,0
05,16,2022,0,2,0,1
05,15,2022,3,9,3,1
05,14,2022,8,4,4,9
05,13,2022,0,1,1,1
05,12,2022,3,5,0,2
05,11,2022,9,4,0,6
05,10,2022,6,9,4,7
05,9,2022,1,4,0,5
05,8,2022,2,0,3,4
05,7,2022,3,6,8,8
05,6,2022,5,3,2,0
05,5,2022,7,4,9,2
05,4,2022,1,0,1,2
05,3,2022,2,3,0,9
05,2,2022,6,8,5,6
05,1,2022,4,4,7,4
04,30,2022,4,9,9,8
04,29,2022,0,8,7,1
04,28,2022,1,5,5,1
04,27,2022,9,8,0,5
04,26,2022,5,5,4,4
04,25,2022,4,6,5,3
04,24,2022,3,3,4,6
04,23,2022,7,9,0,8
04,22,2022,8,0,4,7
04,21,2022,8,9,6,5
04,20,2022,7,6,9,2
04,19,2022,7,2,9,9
04,18,2022,5,6,8,3
04,17,2022,6,6,2,3
04,16,2022,7,4,8,3
04,15,2022,4,5,3,3
04,14,2022,5,6,8,8
04,13,2022,2,3,4,0
04,12,2022,4,7,4,0
04,11,2022,1,3,4,3
04,10,2022,4,7,0,4
04,9,2022,9,5,6,6
04,8,2022,3,9,3,7
04,7,2022,4,4,4,6
04,6,2022,6,9,8,1
04,5,2022,3,0,4,5
04,4,2022,5,1,5,5
04,3,2022,6,4,0,0
04,2,2022,7,4,2,9
04,1,2022,7,8,6,0
02,31,2022,4,2,0,3
02,30,2022,3,0,1,5
02,29,2022,5,2,7,1
02,28,2022,3,9,3,0
02,27,2022,5,5,2,6
02,26,2022,4,6,7,5
02,25,2022,1,9,1,2
02,24,2022,2,2,0,4
02,23,2022,6,4,8,2
02,22,2022,2,1,6,8
02,21,2022,5,4,8,2
02,20,2022,2,1,1,6
02,19,2022,0,4,0,6
02,18,2022,5,7,5,0
02,17,2022,2,4,8,8
02,16,2022,8,8,6,0
02,15,2022,7,0,4,7
02,14,2022,9,7,9,7
02,13,2022,5,5,4,2
02,12,2022,8,6,7,3
02,11,2022,2,9,2,5
02,10,2022,9,2,6,5
02,9,2022,7,1,0,6
02,8,2022,0,8,3,3
02,7,2022,2,9,1,1
02,6,2022,0,6,1,7
02,5,2022,4,2,2,5
02,4,2022,1,4,6,2
02,3,2022,3,1,8,4
02,2,2022,0,5,7,5
02,1,2022,2,8,3,5
02,28,2022,8,3,6,9
02,27,2022,0,1,1,9
02,26,2022,0,8,6,6
02,25,2022,5,3,7,9
02,24,2022,3,0,4,0
02,23,2022,7,4,6,7
02,22,2022,5,7,3,3
02,21,2022,5,3,5,3
02,20,2022,8,2,9,6
02,19,2022,0,3,6,9
02,18,2022,8,1,2,7
02,17,2022,6,8,3,2
02,16,2022,6,5,0,1
02,15,2022,9,5,5,3
02,14,2022,6,5,3,4
02,13,2022,6,7,6,9
02,12,2022,2,5,8,8
02,11,2022,7,6,0,0
02,10,2022,4,3,0,1
02,9,2022,1,6,4,5
02,8,2022,1,2,8,5
02,7,2022,0,1,0,6
02,6,2022,6,9,5,9
02,5,2022,4,0,5,6
02,4,2022,9,9,8,2
02,3,2022,3,0,9,9
02,2,2022,9,4,7,3
02,1,2022,3,7,0,2
01,31,2022,0,2,0,9
01,30,2022,4,7,9,7
01,29,2022,4,4,1,8
01,28,2022,8,8,8,5
01,27,2022,0,2,5,6
01,26,2022,7,0,0,1
01,25,2022,4,5,7,1
01,24,2022,6,5,4,9
01,23,2022,1,0,0,8
01,22,2022,2,0,0,3
01,21,2022,6,7,0,6
01,20,2022,2,3,6,7
01,19,2022,7,6,9,5
01,18,2022,0,7,2,9
01,17,2022,3,4,8,9
01,16,2022,0,4,0,1
01,15,2022,5,1,5,2
01,14,2022,4,1,6,0
01,13,2022,0,1,3,5
01,12,2022,7,6,9,5
01,11,2022,1,7,6,8
01,10,2022,6,1,9,0
01,9,2022,5,1,4,0
01,8,2022,9,7,2,7
01,7,2022,1,9,4,1
01,6,2022,9,1,7,4
01,5,2022,7,5,3,3
01,4,2022,1,9,2,1
01,3,2022,0,4,1,2
01,2,2022,9,7,4,3
01,1,2022,7,9,2,8
12,31,2021,4,1,1,9
12,30,2021,8,5,7,3
12,29,2021,5,3,6,2
12,28,2021,5,4,9,5
12,27,2021,3,4,5,3
12,26,2021,4,2,5,0
12,25,2021,7,3,6,5
12,24,2021,1,6,0,3
12,23,2021,3,8,8,5
12,22,2021,4,8,9,1
12,21,2021,5,8,2,2
12,20,2021,2,7,0,2
12,19,2021,2,5,6,2
12,18,2021,4,9,7,4
12,17,2021,3,4,3,6
12,16,2021,6,8,0,9
12,15,2021,9,1,9,6
12,14,2021,5,4,3,5
12,13,2021,9,6,4,3
12,12,2021,3,2,3,6
12,11,2021,7,3,0,1
12,10,2021,1,9,3,5
12,9,2021,5,2,1,2
12,8,2021,3,6,2,2
12,7,2021,8,3,2,8
12,6,2021,7,6,3,3
12,5,2021,8,7,9,3
12,4,2021,5,5,6,4
12,3,2021,9,3,0,9
12,2,2021,1,5,9,6
12,1,2021,4,2,8,9
11,30,2021,9,5,3,8
11,29,2021,4,1,0,3
11,28,2021,8,8,5,0
11,27,2021,2,9,9,0
11,26,2021,5,7,6,4
11,25,2021,2,6,2,8
11,24,2021,3,2,3,9
11,23,2021,6,5,1,1
11,22,2021,2,3,6,0
11,21,2021,1,3,5,3
11,20,2021,0,9,7,9
11,19,2021,9,1,9,5
11,18,2021,9,6,0,9
11,17,2021,5,8,0,5
11,16,2021,5,9,2,9
11,15,2021,1,9,7,9
11,14,2021,1,8,8,5
11,13,2021,4,8,0,1
11,12,2021,7,1,5,1
11,11,2021,4,7,3,8
11,10,2021,1,7,7,2
11,9,2021,3,6,6,0
11,8,2021,1,1,6,5
11,7,2021,6,5,5,2
11,6,2021,5,5,6,3
11,5,2021,1,2,5,1
11,4,2021,2,5,2,6
11,3,2021,9,8,0,0
11,2,2021,9,8,4,2
11,1,2021,9,1,5,8
10,31,2021,2,6,1,3
10,30,2021,6,3,4,2
10,29,2021,0,8,2,6
10,28,2021,1,8,3,4
10,27,2021,6,1,1,5
10,26,2021,1,7,2,6
10,25,2021,3,1,8,2
10,24,2021,5,9,5,1
10,23,2021,9,6,2,8
10,22,2021,4,2,8,6
10,21,2021,2,4,0,0
10,20,2021,6,5,3,6
10,19,2021,9,7,8,1
10,18,2021,5,3,9,3
10,17,2021,4,8,2,2
10,16,2021,2,4,5,4
10,15,2021,0,5,2,2
10,14,2021,1,8,0,4
10,13,2021,5,2,4,3
10,12,2021,3,0,8,8
10,11,2021,1,0,6,7
10,10,2021,0,6,2,7
10,9,2021,0,0,2,2
10,8,2021,8,3,4,1
10,7,2021,9,8,7,9
10,6,2021,9,3,3,4
10,5,2021,8,8,7,0
10,4,2021,7,5,7,6
10,3,2021,3,3,1,0
10,2,2021,6,8,6,6
10,1,2021,4,6,1,2
09,30,2021,7,9,2,9
09,29,2021,1,6,5,5
09,28,2021,2,8,4,5
09,27,2021,5,2,6,5
09,26,2021,2,3,6,5
09,25,2021,6,3,1,8
09,24,2021,8,0,2,4
09,23,2021,1,6,9,0
09,22,2021,5,8,8,9
09,21,2021,9,2,9,4
09,20,2021,6,4,2,2
09,19,2021,9,7,3,2
09,18,2021,0,1,6,0
09,17,2021,5,4,6,6
09,16,2021,6,0,9,5
09,15,2021,8,1,6,5
09,14,2021,4,0,9,3
09,13,2021,5,9,0,6
09,12,2021,2,5,7,6
09,11,2021,5,0,7,2
09,10,2021,2,9,1,6
09,9,2021,3,2,6,6
09,8,2021,8,6,1,4
09,7,2021,5,0,5,2
09,6,2021,5,7,2,8
09,5,2021,1,0,9,2
09,4,2021,3,2,1,0
09,3,2021,1,6,0,5
09,2,2021,4,7,5,0
09,1,2021,4,7,8,2
08,31,2021,4,6,4,9
08,30,2021,0,1,4,7
08,29,2021,6,5,4,9
08,28,2021,8,2,9,3
08,27,2021,9,3,4,1
08,26,2021,4,9,2,2
08,25,2021,1,1,0,6
08,24,2021,4,7,6,7
08,23,2021,9,3,4,1
08,22,2021,9,4,9,5
08,21,2021,4,4,5,9
08,20,2021,4,7,9,9
08,19,2021,8,1,5,5
08,18,2021,4,3,1,2
08,17,2021,8,0,0,1
08,16,2021,3,7,0,0
08,15,2021,8,8,7,7
08,14,2021,8,7,3,9
08,13,2021,1,3,2,0
08,12,2021,8,9,5,6
08,11,2021,9,5,5,8
08,10,2021,2,7,7,5
08,9,2021,7,1,6,2
08,8,2021,5,0,6,2
08,7,2021,8,6,2,6
08,6,2021,2,9,8,9
08,5,2021,4,5,9,1
08,4,2021,3,9,8,1
08,3,2021,5,7,1,3
08,2,2021,5,7,6,9
08,1,2021,1,3,5,6
07,31,2021,4,4,1,1
07,30,2021,2,8,6,8
07,29,2021,2,7,6,5
07,28,2021,7,5,8,2
07,27,2021,1,5,9,5
07,26,2021,1,9,3,4
07,25,2021,1,6,0,4
07,24,2021,4,5,2,7
07,23,2021,2,9,1,7
07,22,2021,4,0,2,8
07,21,2021,8,6,1,4
07,20,2021,7,2,9,3
07,19,2021,1,5,4,0
07,18,2021,6,4,5,2
07,17,2021,8,1,7,8
07,16,2021,4,1,3,8
07,15,2021,9,3,5,8
07,14,2021,4,5,7,2
07,13,2021,6,3,7,8
07,12,2021,1,9,6,8
07,11,2021,8,3,1,2
07,10,2021,5,0,2,9
07,9,2021,0,8,3,3
07,8,2021,6,6,4,3
07,7,2021,9,9,9,2
07,6,2021,8,5,0,6
07,5,2021,4,7,2,7
07,4,2021,1,7,0,9
07,3,2021,5,9,3,1
07,2,2021,4,3,8,8
07,1,2021,3,9,8,2
06,30,2021,2,1,3,9
06,29,2021,1,1,1,7
06,28,2021,3,4,6,4
06,27,2021,6,7,8,5
06,26,2021,1,1,6,6
06,25,2021,1,0,6,3
06,24,2021,4,1,5,5
06,23,2021,0,9,5,9
06,22,2021,4,9,0,2
06,21,2021,7,6,8,6
06,20,2021,5,6,1,3
06,19,2021,6,4,0,3
06,18,2021,1,0,3,1
06,17,2021,3,1,7,5
06,16,2021,9,4,2,1
06,15,2021,3,0,3,5
06,14,2021,4,3,2,3
06,13,2021,4,3,7,9
06,12,2021,3,6,3,7
06,11,2021,8,8,9,5
06,10,2021,4,1,9,0
06,9,2021,6,4,1,5
06,8,2021,8,8,3,9
06,7,2021,3,2,4,7
06,6,2021,5,0,7,5
06,5,2021,8,3,7,0
06,4,2021,2,1,5,3
06,3,2021,5,5,6,0
06,2,2021,4,5,4,8
06,1,2021,0,3,7,4
05,31,2021,9,2,5,4
05,30,2021,1,8,4,9
05,29,2021,9,1,0,3
05,28,2021,4,1,1,6
05,27,2021,8,4,4,1
05,26,2021,0,5,3,0
05,25,2021,7,0,6,8
05,24,2021,2,6,2,8
05,23,2021,1,1,1,2
05,22,2021,9,3,6,5
05,21,2021,2,2,0,6
05,20,2021,5,6,3,7
05,19,2021,2,8,2,9
05,18,2021,9,9,9,2
05,17,2021,5,3,0,3
05,16,2021,4,4,8,9
05,15,2021,1,5,0,4
05,14,2021,7,4,2,6
05,13,2021,4,7,6,4
05,12,2021,2,9,7,6
05,11,2021,8,0,5,9
05,10,2021,8,7,8,1
05,9,2021,4,0,9,5
05,8,2021,7,2,6,3
05,7,2021,4,5,7,3
05,6,2021,1,6,9,4
05,5,2021,8,6,9,4
05,4,2021,5,1,2,2
05,3,2021,3,4,6,1
05,2,2021,7,0,3
05,1,2021,0,0,4
04,30,2021,7,5,4
04,29,2021,9,9,7
04,28,2021,5,3,7
04,27,2021,9,1,0
04,26,2021,9,0,4
04,25,2021,2,8,2
04,24,2021,8,6,0
04,23,2021,0,7,9
04,22,2021,2,4,2
04,21,2021,5,0,8
04,20,2021,3,8,2
04,19,2021,1,8,2
04,18,2021,1,8,2
04,17,2021,2,5,8
04,16,2021,1,4,2
04,15,2021,2,3,3
04,14,2021,6,0,4
04,13,2021,9,7,3
04,12,2021,3,0,6
04,11,2021,1,0,1
04,10,2021,1,4,9
04,9,2021,6,0,0
04,8,2021,2,2,4
04,7,2021,0,9,6
04,6,2021,2,5,5
04,5,2021,6,9,5
04,4,2021,5,5,7
04,3,2021,4,8,5
04,2,2021,8,3,4
04,1,2021,7,4,4
02,31,2021,8,4,6
02,30,2021,9,7,6
02,29,2021,0,2,6
02,28,2021,3,6,2
02,27,2021,6,0,5
02,26,2021,5,8,3
02,25,2021,3,2,6
02,24,2021,9,8,7
02,23,2021,8,0,3
02,22,2021,6,5,9
02,21,2021,2,3,1
02,20,2021,2,3,7
02,19,2021,9,2,2
02,18,2021,8,8,5
02,17,2021,4,2,0
02,16,2021,1,9,9
02,15,2021,9,5,6
02,14,2021,0,2,0
02,13,2021,6,1,9
02,12,2021,9,7,9
02,11,2021,7,5,6
02,10,2021,2,2,8
02,9,2021,5,6,6
02,8,2021,3,2,3
02,7,2021,6,0,8
02,6,2021,3,0,2
02,5,2021,2,5,6
02,4,2021,7,1,8
02,3,2021,8,7,1
02,2,2021,1,7,3
02,1,2021,6,6,3
02,28,2021,6,4,5
02,27,2021,9,6,9
02,26,2021,4,3,9
02,25,2021,5,2,1
02,24,2021,1,4,2
02,23,2021,9,7,9
02,22,2021,8,5,9
02,21,2021,6,7,4
02,20,2021,4,7,4
02,19,2021,6,5,1
02,18,2021,0,2,5
02,17,2021,4,9,2
02,16,2021,8,1,7
02,15,2021,4,9,2
02,14,2021,5,2,0
02,13,2021,4,9,1
02,12,2021,7,3,3
02,11,2021,3,2,5
02,10,2021,3,3,6
02,9,2021,3,5,4
02,8,2021,7,0,4
02,7,2021,2,4,8
02,6,2021,9,6,8
02,5,2021,8,9,2
02,4,2021,8,5,2
02,3,2021,6,1,6
02,2,2021,4,6,3
02,1,2021,1,9,9
01,31,2021,0,1,3
01,30,2021,4,1,9
01,29,2021,2,2,0
01,28,2021,8,4,3
01,27,2021,7,1,5
01,26,2021,8,2,3
01,25,2021,1,1,2
01,24,2021,5,4,2
01,23,2021,0,9,9
01,22,2021,7,4,4
01,21,2021,6,4,3
01,20,2021,2,8,1
01,19,2021,0,8,3
01,18,2021,9,6,9
01,17,2021,9,7,4
01,16,2021,0,5,7
01,15,2021,0,5,5
01,14,2021,8,9,6
01,13,2021,7,3,9
01,12,2021,4,7,4
01,11,2021,8,0,6
01,10,2021,8,0,3
01,9,2021,8,5,7
01,8,2021,5,6,5
01,7,2021,0,5,6
01,6,2021,6,3,8
01,5,2021,8,3,6
01,4,2021,4,2,2
01,3,2021,3,2,3
01,2,2021,9,4,3
01,1,2021,6,3,2
12,31,2020,0,4,0
12,30,2020,1,4,7
12,29,2020,0,0,4
12,28,2020,4,7,0
12,27,2020,8,0,0
12,26,2020,3,2,6
12,25,2020,1,0,4
12,24,2020,0,1,1
12,23,2020,2,1,6
12,22,2020,1,8,4
12,21,2020,9,3,9
12,20,2020,9,8,5
12,19,2020,7,9,3
12,18,2020,3,2,8
12,17,2020,8,4,0
12,16,2020,2,8,4
12,15,2020,6,9,1
12,14,2020,1,2,6
12,13,2020,5,2,1
12,12,2020,4,5,2
12,11,2020,2,7,1
12,10,2020,0,9,7
12,9,2020,5,8,6
12,8,2020,3,7,4
12,7,2020,4,6,5
12,6,2020,4,8,0
12,5,2020,5,5,4
12,4,2020,2,6,5
12,3,2020,8,3,3
12,2,2020,8,7,0
12,1,2020,6,2,4
11,30,2020,2,3,1
11,29,2020,6,7,8
11,28,2020,8,1,2
11,27,2020,6,3,1
11,26,2020,9,4,8
11,25,2020,4,3,1
11,24,2020,0,4,6
11,23,2020,7,1,6
11,22,2020,6,7,4
11,21,2020,3,8,7
11,20,2020,0,4,4
11,19,2020,4,3,2
11,18,2020,9,5,6
11,17,2020,9,1,7
11,16,2020,0,4,4
11,15,2020,3,8,4
11,14,2020,7,2,4
11,13,2020,3,8,4
11,12,2020,5,7,6
11,11,2020,9,7,7
11,10,2020,9,8,1
11,9,2020,9,7,5
11,8,2020,3,9,7
11,7,2020,9,5,3
11,6,2020,1,2,3
11,5,2020,0,9,8
11,4,2020,9,1,6
11,3,2020,8,6,3
11,2,2020,6,8,6
11,1,2020,7,1,0
10,31,2020,6,9,4
10,30,2020,5,9,3
10,29,2020,2,6,5
10,28,2020,5,0,3
10,27,2020,4,7,7
10,26,2020,5,6,7
10,25,2020,7,6,1
10,24,2020,5,4,3
10,23,2020,7,9,3
10,22,2020,2,9,7
10,21,2020,5,5,4
10,20,2020,6,2,0
10,19,2020,6,8,9
10,18,2020,2,0,9
10,17,2020,2,2,7
10,16,2020,2,3,1
10,15,2020,9,2,8
10,14,2020,1,1,4
10,13,2020,7,9,0
10,12,2020,8,0,5
10,11,2020,1,4,2
10,10,2020,3,8,2
10,9,2020,5,4,2
10,8,2020,0,9,3
10,7,2020,2,3,0
10,6,2020,4,3,5
10,5,2020,8,2,0
10,4,2020,9,7,2
10,3,2020,1,9,0
10,2,2020,5,6,0
10,1,2020,5,9,6
09,30,2020,5,5,1
09,29,2020,8,2,1
09,28,2020,0,5,8
09,27,2020,1,1,3
09,26,2020,9,2,0
09,25,2020,0,2,8
09,24,2020,2,9,6
09,23,2020,6,7,7
09,22,2020,0,9,6
09,21,2020,7,3,5
09,20,2020,8,8,4
09,19,2020,4,9,7
09,18,2020,7,6,3
09,17,2020,0,6,1
09,16,2020,0,9,9
09,15,2020,7,8,8
09,14,2020,0,6,9
09,13,2020,1,9,1
09,12,2020,1,2,3
09,11,2020,4,6,8
09,10,2020,2,4,7
09,9,2020,4,8,0
09,8,2020,2,5,4
09,7,2020,4,5,6
09,6,2020,4,5,9
09,5,2020,7,5,0
09,4,2020,2,0,4
09,3,2020,4,1,5
09,2,2020,5,1,8
09,1,2020,7,0,8
08,31,2020,8,6,8
08,30,2020,2,8,3
08,29,2020,3,1,0
08,28,2020,1,7,9
08,27,2020,1,8,0
08,26,2020,2,3,6
08,25,2020,8,4,8
08,24,2020,3,5,7
08,23,2020,3,6,9
08,22,2020,5,3,3
08,21,2020,5,6,8
08,20,2020,4,2,9
08,19,2020,5,3,2
08,18,2020,9,3,7
08,17,2020,6,4,1
08,16,2020,4,5,7
08,15,2020,0,4,4
08,14,2020,2,2,1
08,13,2020,5,2,5
08,12,2020,7,4,0
08,11,2020,8,6,6
08,10,2020,1,2,8
08,9,2020,1,3,0
08,8,2020,0,6,1
08,7,2020,6,9,7
08,6,2020,5,0,0
08,5,2020,4,2,2
08,4,2020,1,5,3
08,3,2020,7,8,4
08,2,2020,6,5,4
08,1,2020,3,7,6
07,31,2020,4,6,6
07,30,2020,7,0,7
07,29,2020,7,9,4
07,28,2020,9,4,8
07,27,2020,3,8,5
07,26,2020,6,6,2
07,25,2020,3,4,4
07,24,2020,2,1,3
07,23,2020,9,2,9
07,22,2020,8,1,9
07,21,2020,9,3,0
07,20,2020,7,0,9
07,19,2020,7,9,1
07,18,2020,5,1,7
07,17,2020,8,0,0
07,16,2020,4,8,6
07,15,2020,6,0,5
07,14,2020,4,9,8
07,13,2020,7,9,4
07,12,2020,4,6,7
07,11,2020,5,2,0
07,10,2020,3,1,4
07,9,2020,5,9,1
07,8,2020,8,7,2
07,7,2020,7,1,3
07,6,2020,0,5,2
07,5,2020,5,3,9
07,4,2020,8,9,4
07,3,2020,7,4,8
07,2,2020,5,2,3
07,1,2020,2,0,1
06,30,2020,1,9,2
06,29,2020,6,3,4
06,28,2020,4,4,4
06,27,2020,2,1,3
06,26,2020,7,7,1
06,25,2020,7,1,9
06,24,2020,7,1,0
06,23,2020,1,2,2
06,22,2020,4,4,9
06,21,2020,9,1,9
06,20,2020,2,2,1
06,19,2020,3,9,2
06,18,2020,5,4,9
06,17,2020,0,0,3
06,16,2020,4,2,5
06,15,2020,3,3,9
06,14,2020,1,1,3
06,13,2020,1,3,1
06,12,2020,9,2,0
06,11,2020,9,2,2
06,10,2020,1,6,0
06,9,2020,4,1,0
06,8,2020,4,2,1
06,7,2020,3,9,7
06,6,2020,1,7,7
06,5,2020,4,3,0
06,4,2020,4,3,7
06,3,2020,3,5,3
06,2,2020,0,9,5
06,1,2020,3,9,5
05,31,2020,1,5,4
05,30,2020,4,9,2
05,29,2020,5,1,5
05,28,2020,1,2,3
05,27,2020,9,0,5
05,26,2020,0,2,1
05,25,2020,8,9,6
05,24,2020,2,1,8
05,23,2020,3,0,5
05,22,2020,7,6,6
05,21,2020,1,8,2
05,20,2020,2,2,5
05,19,2020,4,0,0
05,18,2020,5,6,9
05,17,2020,1,6,5
05,16,2020,4,0,1
05,15,2020,1,3,0
05,14,2020,7,0,3
05,13,2020,5,2,3
05,12,2020,0,9,3
05,11,2020,0,5,6
05,10,2020,7,7,2
05,9,2020,6,4,6
05,8,2020,6,7,5
05,7,2020,5,1,8
05,6,2020,2,7,7
05,5,2020,1,5,1
05,4,2020,3,1,3
05,3,2020,6,2,1
05,2,2020,9,3,8
05,1,2020,3,7,2
04,30,2020,0,4,3
04,29,2020,7,1,1
04,28,2020,1,8,6
04,27,2020,4,2,6
04,26,2020,0,1,6
04,25,2020,8,5,1
04,24,2020,0,2,8
04,23,2020,0,8,7
04,22,2020,8,9,6
04,21,2020,8,5,5
04,20,2020,4,3,3
04,19,2020,4,9,5
04,18,2020,9,1,7
04,17,2020,0,7,5
04,16,2020,0,8,5
04,15,2020,0,5,0
04,14,2020,1,5,4
04,13,2020,2,5,8
04,12,2020,3,9,4
04,11,2020,8,6,5
04,10,2020,0,7,1
04,9,2020,3,1,4
04,8,2020,5,9,8
04,7,2020,6,4,8
04,6,2020,6,0,1
04,5,2020,2,0,1
04,4,2020,7,5,6
04,3,2020,7,0,9
04,2,2020,2,1,2
04,1,2020,9,7,6
02,31,2020,4,1,9
02,30,2020,7,7,5
02,29,2020,9,6,0
02,28,2020,6,5,5
02,27,2020,5,0,7
02,26,2020,2,9,9
02,25,2020,7,3,7
02,24,2020,8,1,1
02,23,2020,2,1,8
02,22,2020,5,6,5
02,21,2020,2,2,8
02,20,2020,7,7,7
02,19,2020,6,8,6
02,18,2020,8,7,0
02,17,2020,8,0,8
02,16,2020,2,2,1
02,15,2020,8,1,8
02,14,2020,7,4,0
02,13,2020,9,2,3
02,12,2020,8,5,3
02,11,2020,8,6,9
02,10,2020,2,8,6
02,9,2020,8,7,7
02,8,2020,8,7,1
02,7,2020,0,8,9
02,6,2020,8,6,1
02,5,2020,9,9,8
02,4,2020,5,0,3
02,3,2020,7,0,3
02,2,2020,9,0,3
02,1,2020,8,4,5
02,29,2020,2,6,4
02,28,2020,2,5,2
02,27,2020,1,7,8
02,26,2020,6,7,5
02,25,2020,6,4,7
02,24,2020,1,9,9
02,23,2020,0,5,2
02,22,2020,0,6,2
02,21,2020,8,5,8
02,20,2020,8,9,8
02,19,2020,2,0,0
02,18,2020,4,9,7
02,17,2020,8,1,1
02,16,2020,5,8,3
02,15,2020,2,0,1
02,14,2020,8,2,4
02,13,2020,4,0,4
02,12,2020,1,3,5
02,11,2020,6,4,3
02,10,2020,4,3,5
02,9,2020,9,2,9
02,8,2020,4,1,1
02,7,2020,5,3,8
02,6,2020,3,0,8
02,5,2020,2,0,9
02,4,2020,4,8,7
02,3,2020,0,2,9
02,2,2020,4,7,6
02,1,2020,2,1,7
01,31,2020,0,7,4
01,30,2020,5,3,1
01,29,2020,3,9,1
01,28,2020,8,3,3
01,27,2020,0,9,6
01,26,2020,8,5,1
01,25,2020,5,9,2
01,24,2020,9,6,8
01,23,2020,4,2,0
01,22,2020,5,4,1
01,21,2020,0,3,2
01,20,2020,6,1,6
01,19,2020,7,0,6
01,18,2020,0,1,7
01,17,2020,6,1,7
01,16,2020,4,4,8
01,15,2020,7,5,4
01,14,2020,2,9,9
01,13,2020,6,8,1
01,12,2020,7,1,9
01,11,2020,7,9,3
01,10,2020,0,9,4
01,9,2020,0,1,8
01,8,2020,9,7,1
01,7,2020,4,5,7
01,6,2020,5,7,3
01,5,2020,4,8,2
01,4,2020,9,2,4
01,3,2020,4,9,8
01,2,2020,0,5,9
01,1,2020,8,2,6
